   5.0000000e+00	
   1.6199157e+00	
   3.8928461e+00	
   3.8194752e+00	
   7.6467499e-01	
   4.7842175e+00	
   5.1103924e+00	
   2.6341377e+00	
   3.1458047e+00	
   1.7858911e+00	
   2.7394521e+00	
   2.1874635e+00	
   1.7042781e+00	
   4.2875795e+00	
   6.1816309e+00	
   7.9686386e+00	
   6.9204939e+00	
   5.2961437e+00	
   8.2290096e+00	
   1.1963429e+01	
   1.0986016e+01	
   1.1534857e+01	
   1.3644361e+01	
   1.1057630e+01	
   1.2247773e+01	
   1.0683770e+01	
   7.5640876e+00	
   6.5451872e+00	
   6.0909432e+00	
   3.0658049e+00	
   3.1875539e+00	
   2.6833557e+00	
   2.2572665e+00	
   3.5263520e+00	
   5.5973228e+00	
   4.9268968e+00	
   5.3558999e+00	
   5.3108256e+00	
   5.3540964e+00	
   1.3763084e+00	
   2.8529268e+00	
   2.6496592e+00	
   1.6821905e+00	
   2.7094878e+00	
   2.8702872e+00	
   4.4333232e+00	
   3.8100360e+00	
   3.3060341e+00	
   7.7180754e-01	
   9.5960967e-01	
   3.1370518e+00	
   2.8870635e+00	
   3.7139091e-01	
   6.9887477e-01	
   1.2576348e+00	
   3.0973878e-01	
   2.0806973e+00	
   3.2487993e+00	
   5.4791607e+00	
   5.6602061e+00	
   7.2505344e+00	
   1.4437519e+01	
   1.0242084e+01	
   1.3175303e+01	
   4.2439180e+00	
   4.2463920e+00	
   8.4397798e+00	
   8.6953478e+00	
   6.2431856e+00	
   7.0987055e+00	
   5.9722535e+00	
   9.0006755e+00	
   7.7625587e+00	
   6.7836712e+00	
   7.4042704e+00	
   7.3257746e+00	
   5.0379906e+00	
   6.3704423e+00	
   4.7649548e+00	
   7.6333703e+00	
   4.3446265e+00	
   3.8264824e+00	
   3.4203854e+00	
   6.8245876e+00	
   8.0765934e+00	
   6.4393719e+00	
   4.7854211e+00	
   5.0367590e+00	
   4.8082548e+00	
   5.3343878e+00	
   5.7798236e+00	
   6.6762792e+00	
   1.0315106e+01	
   1.2133444e+01	
   1.2003407e+01	
   1.1972250e+01	
   1.4630349e+01	
   1.5577471e+01	
   1.4098010e+01	
   1.1946560e+01	
   7.6422572e+00	
   7.9655671e+00	
   4.8239601e+00	
   3.1775603e+00	
   9.0843821e+00	
   7.8922644e+00	
   9.7090604e+00	
   8.9351270e+00	
   9.1953440e+00	
   1.0384932e+01	
   9.8326927e+00	
   1.1474732e+01	
   9.5550658e+00	
   6.5697274e+00	
   6.3211614e+00	
   5.4818495e+00	
  -1.2651346e+00	
   1.6357809e+00	
   7.0653676e+00	
   5.6376482e+00	
   6.2221566e+00	
   9.3125081e+00	
   1.4277496e+01	
   1.2115357e+01	
   1.0204698e+01	
   1.0327264e+01	
   8.8281422e+00	
   5.4866595e+00	
   6.0601083e+00	
   7.8417131e+00	
   5.3577789e+00	
   5.4084039e+00	
   5.7375102e+00	
   5.2644416e+00	
   3.9174969e+00	
   8.8040238e-01	
   3.2615025e+00	
   3.0009200e+00	
   5.1743998e+00	
   5.3895979e+00	
   4.0097395e+00	
   2.4310912e+00	
   3.0347789e+00	
   7.5132244e+00	
   6.9277785e+00	
   7.4494831e+00	
   7.7218095e+00	
   2.4815269e+00	
   3.9837200e+00	
   5.1016570e+00	
   7.1848342e+00	
   8.1669956e+00	
   1.2537696e+01	
   1.1212551e+01	
   1.0761899e+01	
   1.1522999e+01	
   1.4567549e+01	
   1.4575502e+01	
   1.5240712e+01	
   1.1299716e+01	
   8.3551839e+00	
   7.9750024e+00	
   8.1531678e+00	
   1.1030482e+01	
   8.7630992e+00	
   9.5309554e+00	
   8.6871886e+00	
   3.2528822e+00	
   3.6866191e+00	
   4.6528007e+00	
   6.3797634e+00	
   1.3203349e+00	
   2.2473687e+00	
   5.4567061e+00	
   5.9078303e+00	
   7.0567119e+00	
   5.6518379e+00	
   5.8888694e+00	
   2.8665485e+00	
   3.0648432e+00	
   4.0218330e+00	
   4.5071340e+00	
   2.3923769e+00	
   4.0953624e+00	
   3.0517698e+00	
   3.6367460e+00	
   7.3490461e+00	
   7.3367840e+00	
   8.4438848e+00	
   7.1559121e+00	
   2.3111811e+00	
  -6.0946008e+00	
  -5.7301074e+00	
  -2.6242254e+00	
   2.2673885e+00	
   3.8497044e+00	
   4.1756466e+00	
   4.5970883e+00	
  -2.6240847e+00	
   3.8416779e-01	
