   9.8977200e-01   3.6064235e+01  -2.1948576e+00
   1.1826247e-01   4.1527016e+01  -2.1977270e+00
   9.8142567e-02   4.3991250e+01  -2.1856873e+00
   2.2879280e+00   4.8105889e+01  -2.1534388e+00
  -1.0925363e+00   5.2033462e+01  -2.1305729e+00
   3.0215061e+00   5.2942861e+01  -2.1247419e+00
  -1.1737018e+00   5.7665996e+01  -2.1426796e+00
   1.7363792e+00   6.3155870e+01  -2.0906009e+00
  -1.9763143e+00   7.4403785e+01  -2.0994116e+00
  -4.9756823e+00   7.2906610e+01  -2.0629508e+00
   7.6010833e-01   7.6712093e+01  -2.0253461e+00
   2.1813878e+00   7.2717610e+01  -1.5851623e+00
   8.4188725e-01   6.4878445e+01  -1.3347897e+00
   7.6924826e-01   6.8652060e+01  -1.3230642e+00
   1.2953435e+00   6.3149657e+01  -1.3301066e+00
   2.9548317e-01   7.0429073e+01  -1.3171369e+00
  -7.3771329e-01   6.0627158e+01  -1.3222662e+00
  -1.9410499e+00   5.0688233e+01  -1.3523928e+00
  -2.6585374e+00   4.8511725e+01  -1.3699951e+00
   9.8770308e-01   4.8834946e+01  -1.3958258e+00
   3.1314316e-01   4.9145886e+01  -1.4109085e+00
   1.3623857e-01   4.7492512e+01  -1.4134560e+00
  -8.9712867e-01   2.6639570e+01  -1.3983123e+00
  -4.0672423e+00   1.1562386e+01  -1.4098977e+00
  -1.9494396e+00   4.9306377e+00  -1.3939280e+00
  -1.5963560e-01  -8.6688632e+00  -1.3802520e+00
  -7.4311982e-01  -2.2303538e+01  -1.3855399e+00
   4.6021212e-01  -2.4937130e+01  -1.3866711e+00
   2.4968497e+00  -1.7903098e+01  -1.3299670e+00
   2.5976953e+00  -2.2687221e+01  -1.3477862e+00
   2.1328410e+00  -2.6356646e+01  -1.3359240e+00
   3.0854825e+00  -1.5557235e+01  -1.3581235e+00
  -9.9072908e+00  -1.5178859e+01  -1.3203907e+00
   3.4483867e+00  -6.6756524e+00  -1.3020596e+00
   1.3519271e+00  -1.6741284e+01  -1.3228806e+00
  -1.4629076e+00  -2.6532894e+01  -1.4362680e+00
   2.6594448e+00  -3.0845826e+01  -1.4388124e+00
   2.4654617e+00  -1.3799185e+01  -1.4219215e+00
  -1.8442850e+00  -1.0641364e+01  -1.4326277e+00
   4.2709866e-01  -2.7935532e+00  -1.4364685e+00
   3.2298284e+00  -4.0016598e-01  -1.4365671e+00
   6.0047623e-01  -4.5850303e+00  -1.4396211e+00
   7.0613902e-01  -6.6081813e+00  -1.4397025e+00
   1.5426593e+00  -7.2264292e+00  -1.4530576e+00
   3.0173652e+00  -4.1277071e+00  -1.4567687e+00
   9.2958000e-01  -3.0070054e+00  -1.4535675e+00
   2.4422485e+00  -1.6616828e+01  -1.4491904e+00
  -9.4441225e+00  -2.9198924e+01  -1.4255560e+00
   6.4986004e+00  -2.5173715e+01  -1.4084607e+00
   8.1285907e-01  -2.5468048e+01  -1.4107521e+00
  -1.5791971e+00  -2.3678210e+01  -1.4298980e+00
  -3.2489688e+00  -1.6671414e+01  -1.4152819e+00
   1.5261751e+00  -2.0900031e+01  -1.4195692e+00
  -1.9286178e+00  -2.4371850e+01  -1.4375877e+00
   1.4134148e+00  -2.6902206e+01  -1.4260258e+00
   2.0766996e+00  -2.7018709e+01  -1.4416312e+00
  -2.1324456e-01  -1.4285117e+01  -1.4423838e+00
   1.9030258e+00  -1.4722074e+01  -1.4454282e+00
   2.0039063e+00  -1.8628262e+01  -1.4400406e+00
  -9.4901283e+00  -1.9057970e+01  -1.4628344e+00
   2.6160412e+00  -1.9325003e+01  -1.4752123e+00
   8.7064908e-01  -1.9747623e+01  -1.4704992e+00
   1.5094053e+00  -2.0322878e+01  -1.4900912e+00
  -1.7156910e+00  -6.6047135e+00  -1.4918272e+00
   2.3361411e+00  -2.6282512e+00  -1.4974838e+00
  -7.1275901e-01  -9.1131590e+00  -1.5085914e+00
   1.3376676e+00  -9.5116946e+00  -1.5167522e+00
   3.4521558e+00  -7.4531634e-01  -1.5209865e+00
   6.8430597e-01  -3.7551292e+00  -1.5231098e+00
   2.3499534e-01   5.6343920e+00  -1.5215627e+00
  -2.1853449e+00   3.5784380e+00  -1.5139939e+00
  -2.5329862e+00  -2.8673190e+00  -1.4859937e+00
   5.3887927e-01   6.0776679e-01  -1.4719404e+00
   1.9000457e+00   1.1558115e+01  -1.4491747e+00
   1.9871661e+00   1.2419170e+01  -1.3902683e+00
  -3.2341091e-01   2.2906389e+01  -1.3238589e+00
   4.0131916e-01   3.1044457e+01  -1.2334901e+00
   1.0010283e+00   3.4314205e+01  -1.1510598e+00
  -2.0003629e-01   2.5863008e+01  -1.1227826e+00
  -3.8228278e-01   2.8673750e+01  -1.0881830e+00
   7.0340637e-01   2.8207252e+01  -1.0992774e+00
   5.0947337e-01   3.0338382e+01  -1.0341560e+00
  -7.2816618e-01   2.3323514e+01  -9.7831832e-01
  -1.8150643e+00   2.2420749e+01  -9.3081883e-01
   5.8809528e-01   2.4446882e+01  -8.9128943e-01
  -1.7180144e+00   2.4766725e+01  -8.7412133e-01
  -2.0586532e+00   3.2496314e+01  -8.8047507e-01
  -1.0195267e+00   3.3401415e+01  -8.6703439e-01
   3.8375033e-01   3.0112581e+01  -8.7241885e-01
  -6.6834103e-01   2.4837727e+01  -8.7276054e-01
  -2.7363357e-01   2.8457773e+01  -8.8202867e-01
  -1.9504131e+00   2.8662219e+01  -8.8982638e-01
  -4.3029252e+00   2.8211172e+01  -8.9439524e-01
   1.4690862e+00   3.1870118e+01  -8.9176909e-01
   2.4043806e+00   3.2943743e+01  -8.8579970e-01
  -2.6945392e-01   3.0787362e+01  -8.0849625e-01
   4.5649300e-01   2.9492062e+01  -8.1377517e-01
   1.1160505e+00   2.4379898e+01  -8.3842090e-01
  -1.7245943e+00   2.2305826e+01  -8.4144149e-01
  -1.4105357e+00   1.7553846e+01  -8.6310402e-01
  -1.2068100e+00   1.9579528e+01  -8.9362146e-01
  -2.3254978e+00   1.5325625e+01  -9.1683733e-01
  -1.7169936e+00   6.6050133e+00  -9.4545373e-01
   2.0494681e-01   5.2064363e+00  -9.6583306e-01
   6.7280912e-01   6.4408016e+00  -9.6933243e-01
  -1.0571971e+00   5.8717881e+00  -9.5182953e-01
   1.7746345e+00   2.3152379e+00  -9.6222896e-01
  -4.6116708e-01  -1.0420402e-01  -9.7688225e-01
  -1.1745488e+00  -5.1907858e+00  -9.8174484e-01
  -3.4287347e+00  -7.0250454e-02  -1.0222968e+00
  -2.5169665e+00   4.0168636e+00  -1.0628388e+00
   1.6464014e+00   2.0747382e+00  -1.0734874e+00
   3.6798388e+00  -1.1635205e+01  -1.0545461e+00
  -7.8445023e-01  -2.6989275e+01  -1.0700996e+00
  -1.4636240e-01  -2.8560190e+01  -1.0869103e+00
  -2.7265707e-01  -1.8118631e+01  -1.0844853e+00
   3.1818719e+00  -1.7815095e+01  -1.0810308e+00
   1.0685971e+00  -1.6074045e+01  -1.0857364e+00
  -2.0694854e+00  -1.2980612e+01  -1.0899498e+00
  -2.7699570e+00  -1.1752929e+01  -1.1371387e+00
  -5.7548650e+00  -8.8587205e+00  -1.1587523e+00
   1.8377968e+00  -7.1496591e+00  -1.2385424e+00
   4.3852376e-01  -5.8493926e+00  -1.2626804e+00
   3.2812605e+00  -6.0256147e+00  -1.2461818e+00
   3.9796200e-01  -1.4599633e+01  -1.2239565e+00
   3.3165579e+00  -2.1648058e+01  -1.2441827e+00
  -2.8031978e-01  -2.2325852e+01  -1.2217794e+00
   1.1927686e+00  -2.0394489e+01  -1.2234169e+00
  -4.7430901e-01  -1.8570670e+01  -1.2230019e+00
   6.6810944e-01  -1.4091428e+01  -1.2457157e+00
  -1.4673312e+00  -2.0428498e+01  -1.2414856e+00
   2.1122163e-01  -1.9406725e+01  -1.2655773e+00
   6.4119868e-01  -1.5441912e+01  -1.2666504e+00
  -5.0750558e-01  -1.2943613e+01  -1.2681874e+00
   3.6354746e-01  -1.0709081e+01  -1.2665556e+00
  -6.9719799e-01  -1.1038437e+01  -1.2633502e+00
   2.3178975e+00  -1.6187144e+01  -1.2676759e+00
  -1.3002669e+00  -1.9207493e+01  -1.2780561e+00
  -3.0976189e+00  -1.8687426e+01  -1.2836963e+00
   8.5690108e-01  -1.6778861e+01  -1.2942020e+00
   7.6110752e-01  -1.6058733e+01  -1.2948842e+00
   3.1356346e-02  -1.1620012e+01  -1.2985235e+00
  -7.3795185e-02  -1.3406032e+01  -1.3257924e+00
  -2.3065635e+00  -1.5460787e+01  -1.3467826e+00
   2.7372450e+00  -1.7063529e+01  -1.3707989e+00
   4.0145505e-01  -1.5149842e+01  -1.3677410e+00
  -7.8240135e-01  -1.1885970e+01  -1.3553754e+00
  -2.6853138e+00  -1.2206272e+01  -1.3568805e+00
  -2.8022623e+00  -1.8064192e+01  -1.3724373e+00
   1.9845014e+00  -3.0415359e+01  -1.3995668e+00
  -2.6195212e-01  -3.4786570e+01  -1.3999178e+00
   3.5361301e+00  -2.8283794e+01  -1.4036504e+00
   3.0646777e+00  -2.0513981e+01  -1.3987215e+00
   8.5305792e-01  -2.0129152e+01  -1.3910764e+00
   5.5821037e-01  -2.0655566e+01  -1.4297835e+00
  -1.8698829e+00  -2.1707229e+01  -1.4834990e+00
   1.7997520e-02  -2.9906067e+01  -1.8012851e+00
  -8.9850392e-01  -3.3742532e+01  -2.0376155e+00
   1.8868551e-01  -3.9107835e+01  -2.1121700e+00
   2.1145183e+00  -4.1637208e+01  -2.1134064e+00
   1.3589812e+00  -4.2217344e+01  -2.1894850e+00
   1.9709949e+00  -4.7388655e+01  -2.3062447e+00
   1.1146592e+00  -4.3610410e+01  -2.2228232e+00
  -7.0825433e+00  -2.8522284e+01  -2.1471366e+00
   6.4657004e-01  -2.8179743e+01  -2.1544154e+00
   1.6660466e+00  -2.9791726e+01  -2.1043878e+00
   3.0221719e-01  -2.9464658e+01  -2.0565997e+00
  -1.2427913e+00  -2.4412579e+01  -1.9128019e+00
  -1.2599954e+00  -2.3846409e+01  -1.8846754e+00
  -1.3591434e+00  -1.9287239e+01  -1.8718913e+00
   1.2351841e+00  -1.3734028e+01  -1.8404875e+00
   1.4558882e+00  -7.3184914e+00  -1.8232227e+00
  -5.3895743e-01  -1.3196537e+01  -1.8027447e+00
   4.5265540e+00  -1.4912229e+01  -1.7764121e+00
   1.3673582e+00  -4.6836299e+00  -1.7776857e+00
  -1.0396862e+00  -5.5048995e+00  -1.8207726e+00
   3.3518179e-01  -1.4225609e+00  -1.8255411e+00
  -7.9595209e-01   5.6316240e-01  -1.8502849e+00
   1.2791650e-01   2.5853840e+00  -1.9052266e+00
  -1.3564730e+00   4.2153765e+00  -2.0159812e+00
   1.3999664e-01   8.3586955e+00  -2.0189992e+00
   6.2931112e-01   9.9951385e+00  -2.0680050e+00
   5.3899178e-01   8.0458397e+00  -2.0153297e+00
  -4.9034624e-01   6.7866224e+00  -1.9982342e+00
  -5.8356961e-01  -1.4706064e+00  -2.0298446e+00
   7.3803682e-01  -2.8061936e+00  -2.0796103e+00
   1.9849556e+00  -1.0495323e+00  -2.1174663e+00
   6.0005184e-01   1.4341779e-01  -2.1557534e+00
   2.8045536e+00   4.1204807e+00  -2.2178699e+00
   7.5142097e-01   8.2012024e+00  -2.2515412e+00
   4.0203589e-01   7.8077636e+00  -2.1464244e+00
  -4.8153872e+00   1.0732402e+01  -2.0223565e+00
  -8.1966908e-01   6.9149882e+00  -1.9907320e+00
   6.8835855e-01   1.0754091e+01  -1.9281474e+00
   7.3109686e-01   1.0720149e+01  -1.8379778e+00
  -1.3391796e-01   1.1512004e+01  -1.8707922e+00
   6.2743891e-02   4.7508110e+00  -1.9158273e+00
   8.7429567e-01   2.8586272e+00  -1.9344897e+00
   1.4878596e+00   6.7366479e+00  -1.9776537e+00
   1.3732673e-01   6.7918846e+00  -1.9576778e+00
   9.3801442e-01   8.3143384e+00  -1.9251542e+00
   1.2371568e+00   1.2152016e+01  -1.9274946e+00
  -5.7923196e-01   1.0884845e+01  -1.8404309e+00
  -9.1185433e-01   1.2045029e+01  -1.8272038e+00
   4.2177459e-01   9.7307477e+00  -1.8673589e+00
   1.4660852e+00   9.5003898e+00  -1.9154307e+00
  -4.4635449e-01   4.8876619e+00  -2.0460263e+00
  -9.2247483e-01  -1.1988665e+00  -2.0836331e+00
  -1.3630389e+00  -5.7500851e+00  -2.1487644e+00
   1.7272418e-01  -1.2471856e+01  -2.0655915e+00
  -6.0423320e+00  -1.2294257e+01  -1.6909381e+00
   4.3763028e+00  -1.4240912e+01  -1.4893933e+00
   5.7009055e-01  -1.1721000e+01  -1.4004876e+00
   1.3576638e+00  -9.4645709e+00  -1.4880877e+00
   3.4810019e-01  -4.1621354e+00  -1.6583026e+00
  -2.9791442e-01  -2.6372904e+00  -1.7984634e+00
  -5.1367699e-01   5.8864481e-01  -1.9968911e+00
   4.2200722e-01   9.8600600e-01  -2.0370303e+00
  -2.3352832e+00  -1.5247888e+00  -1.9980219e+00
  -2.9946698e-01  -1.0572129e+00  -1.9995350e+00
   3.2578250e-01  -6.0032006e-01  -2.0345807e+00
   1.6629985e+00  -4.6097780e+00  -2.0160049e+00
  -1.1635020e+00  -7.1340883e+00  -1.9879988e+00
   1.7308100e+00  -5.2870823e+00  -1.9755419e+00
  -7.3715417e-02  -4.6701283e+00  -1.9327321e+00
   4.0547703e-01  -2.0734209e+00  -1.9631109e+00
   6.6965258e-01  -5.7673103e+00  -2.0855382e+00
   1.1123583e-01  -1.0216153e+01  -2.1506060e+00
  -1.3759759e+00  -1.4998768e+01  -2.1590034e+00
  -1.0803977e+00  -1.8049531e+01  -2.1403538e+00
   6.0041997e-01  -2.0243147e+01  -2.0826029e+00
  -1.8938271e+00  -1.7067111e+01  -2.0061725e+00
   4.1014845e-01  -2.0494498e+01  -1.9551605e+00
   7.8159068e-01  -2.3657601e+01  -1.9625605e+00
  -2.2184152e-02  -2.4209374e+01  -1.9898294e+00
   4.3713998e-01  -2.1814152e+01  -1.9914385e+00
   1.3216764e+00  -2.0471188e+01  -1.9915367e+00
  -4.7677293e-01  -1.6234587e+01  -2.0441804e+00
   5.2895346e-01  -1.0305029e+01  -2.1282598e+00
  -3.0421911e-01  -1.0696206e+01  -2.1400662e+00
   5.8440980e-01  -1.0944981e+01  -2.1064989e+00
  -1.1794638e+00  -8.7624762e+00  -2.0846189e+00
  -1.1739828e+00  -8.3426734e+00  -2.0587939e+00
   3.1244412e-01  -6.9405013e+00  -2.0869593e+00
  -4.7679457e-01  -9.6211533e+00  -2.1505156e+00
   1.0143396e+00  -1.3516660e+01  -2.2126369e+00
  -2.9625453e-01  -1.6305239e+01  -2.2255217e+00
   1.8895792e-02  -1.2900191e+01  -2.2475746e+00
   7.7123021e-01  -1.4770019e+01  -2.2342335e+00
   1.0570440e-01  -1.6642444e+01  -2.3409842e+00
   6.3927429e-01  -1.8613468e+01  -2.4551421e+00
   3.1864058e-01  -2.1281366e+01  -2.4261091e+00
  -2.9448067e-01  -2.4094370e+01  -2.4311624e+00
  -1.4992718e-01  -2.1990202e+01  -2.4124121e+00
  -7.6231332e-01  -1.9470124e+01  -2.3148887e+00
   7.3296560e-01  -1.4025083e+01  -2.2376229e+00
   5.1789851e-01  -1.6990867e+01  -2.1609728e+00
  -6.5652153e-01  -1.6569835e+01  -2.1365682e+00
  -1.7776612e-01  -1.2353901e+01  -2.1909357e+00
   9.9978450e-01  -7.3546099e+00  -2.2390099e+00
   8.1060620e-01  -2.0997415e+00  -2.2173044e+00
   2.8260554e-01  -8.2773315e-02  -2.2083679e+00
   5.1878663e-01   2.5233823e+00  -2.2525584e+00
  -6.3734118e-01  -6.6503952e-01  -2.2069729e+00
   8.3824033e-01  -2.7307567e+00  -2.1711268e+00
  -1.2086841e+00   3.3605937e+00  -2.1731129e+00
   1.2948469e+00   1.3825972e+00  -2.0940403e+00
   7.6120691e-03   1.7853593e-01  -2.1035295e+00
  -1.3877438e+00  -5.8984103e+00  -2.1683158e+00
   1.5379839e+00  -4.7486586e+00  -2.2244597e+00
   2.1007643e-01  -4.3823616e+00  -2.2240024e+00
   6.2952495e-01  -5.9865743e+00  -2.2150840e+00
  -5.4330654e-01  -1.0130735e+01  -2.2431491e+00
   3.1639688e-01  -1.1057327e+01  -2.2304309e+00
   6.1961353e-01  -1.2532061e+01  -2.1723893e+00
  -1.1469443e-01  -1.4613237e+01  -2.1804304e+00
   6.2747882e-01  -1.6680150e+01  -2.1659135e+00
  -2.3474712e-01  -1.3756424e+01  -2.0559260e+00
  -2.3321583e-01  -1.4202325e+01  -1.9903823e+00
   4.0185274e-04  -1.5530526e+01  -2.0507025e+00
   5.0432234e-01  -2.1817754e+01  -2.0931923e+00
   1.3575884e-01  -2.8534732e+01  -2.0807162e+00
  -5.1763880e-01  -2.5777197e+01  -2.0356316e+00
   7.4106417e-01  -2.5340876e+01  -1.9678355e+00
   5.5860327e-01  -2.3468680e+01  -1.9188461e+00
   6.9791202e-01  -1.2778005e+01  -1.9464144e+00
   8.8370175e-01  -1.1111114e+01  -1.9245190e+00
  -1.0302576e-01  -1.0156435e+01  -1.9350534e+00
   5.4698112e-01  -1.3183241e+01  -2.0345053e+00
  -2.1552338e-02  -1.1919527e+01  -2.1210983e+00
   8.0043933e-01  -1.3090840e+01  -2.1936662e+00
  -9.9630775e-01  -1.2665023e+01  -2.1540788e+00
  -1.1871832e+00  -1.2860628e+01  -2.2228305e+00
   6.8706092e-01  -9.5199197e+00  -2.2160414e+00
   1.3459394e+00  -8.6151958e+00  -2.1920143e+00
   5.3116752e-01  -6.3377072e+00  -2.2006423e+00
   7.7948134e-01  -7.4419559e+00  -2.1543786e+00
  -2.1904765e-01  -8.0683749e+00  -2.2020600e+00
  -2.8136025e-01  -9.4863921e+00  -2.3169022e+00
   1.8307382e+00  -1.2552162e+01  -2.4252411e+00
   5.4249644e-01  -2.1312447e+01  -2.4983297e+00
  -1.7308025e-01  -2.2245072e+01  -2.5747503e+00
  -2.0335463e-01  -2.6368686e+01  -2.5386040e+00
  -7.9545686e-01  -2.7400407e+01  -2.5568030e+00
  -4.1179730e-01  -3.2663661e+01  -2.6406557e+00
  -1.9382979e-01  -3.6223894e+01  -2.6482910e+00
  -1.4939963e+00  -3.3715263e+01  -2.6678649e+00
   1.3172572e-01  -2.5330023e+01  -2.5497143e+00
   1.8011807e-01  -2.2860420e+01  -2.6052249e+00
   1.2697160e+00  -2.6253009e+01  -2.7034902e+00
  -2.6387955e-01  -2.5999661e+01  -2.8626572e+00
   3.1691240e-01  -3.4603172e+01  -2.7856672e+00
   4.7985218e-01  -3.4341206e+01  -2.7690734e+00
  -4.8027544e-01  -2.6895719e+01  -2.6115272e+00
  -2.1788796e+00  -3.2064534e+01  -2.4154076e+00
  -2.9447473e-01  -2.4698869e+01  -2.3666418e+00
  -1.6106631e+00  -3.0246217e+01  -2.3450399e+00
   2.3303206e+00  -2.7591052e+01  -2.2230501e+00
  -1.6793582e-01  -2.3172957e+01  -2.1451058e+00
   6.7261803e-02  -1.8583331e+01  -2.0482293e+00
   7.6880531e-01  -7.2755195e+00  -2.0509402e+00
  -3.1642016e-02  -7.0621783e+00  -1.9847794e+00
  -1.2327617e+00  -5.1203984e+00  -1.9361827e+00
   1.4836808e+00  -7.8637550e+00  -1.9012632e+00
   9.4147375e-01  -5.1183375e+00  -1.8256205e+00
   4.8126978e-02  -1.8724934e-01  -1.8202311e+00
   9.9840800e-01   2.0434336e-01  -1.9510138e+00
   7.4224601e-01  -1.8416091e+00  -1.8713642e+00
  -3.0264277e-01  -2.4055674e+00  -1.7844690e+00
   9.0967967e-01  -1.1147396e+00  -1.8193515e+00
   1.1852473e+00   1.9304915e-01  -1.7911806e+00
   5.5045416e-02   2.1135652e+00  -1.7370618e+00
   6.2827343e-01   3.5724914e+00  -1.7669967e+00
   7.7600707e-01   4.3322937e+00  -1.7590067e+00
  -1.8086904e+00   4.3285663e-01  -1.9360506e+00
  -1.8315192e-01  -2.7249228e+00  -1.9699438e+00
  -6.9486095e-01  -6.3317683e+00  -1.9528089e+00
   9.8852492e-01  -6.6418753e+00  -2.0351231e+00
  -1.2983053e+00  -7.8994973e+00  -2.0376948e+00
  -1.0293147e+00  -7.0930185e+00  -1.9738780e+00
  -2.3029800e+00  -8.4699160e+00  -2.0041284e+00
   2.9144718e+00  -1.3592323e+01  -2.0534025e+00
   2.6527035e-01  -2.2825001e+01  -2.0099828e+00
  -5.5356945e-01  -2.3853606e+01  -2.0683855e+00
  -1.7110297e-01  -2.5504598e+01  -2.2478069e+00
   3.6416639e-01  -2.7329112e+01  -2.4026389e+00
  -6.4220639e-01  -2.7620139e+01  -2.4089482e+00
  -1.3153366e+00  -2.4474297e+01  -2.3445332e+00
   1.0551975e-01  -2.1880007e+01  -2.2781666e+00
  -2.7915855e-01  -1.6541824e+01  -2.0804505e+00
  -8.6206892e-01  -1.5577811e+01  -2.0118402e+00
   9.2735400e-01  -1.8926904e+01  -1.9939541e+00
  -2.2366621e-01  -1.9304870e+01  -2.0358617e+00
   7.0882948e-01  -1.9664905e+01  -1.9744811e+00
  -4.0066119e-01  -1.8818894e+01  -1.9500183e+00
   8.7580650e-01  -1.2031502e+01  -1.8963828e+00
   1.9552530e+00  -5.5781478e+00  -1.9418895e+00
   1.8001862e-01  -3.3183294e+00  -2.0366248e+00
  -2.4606063e+00   1.4640732e+00  -1.9189930e+00
   8.0470529e-01   3.4229444e+00  -1.7961503e+00
   2.3016968e+00   3.0665459e+00  -1.7398618e+00
   7.5804560e-01   6.9081405e+00  -1.8391966e+00
  -1.5442035e+00   1.0495301e+01  -2.0127220e+00
   1.8947253e-02   1.3513622e+01  -1.9840817e+00
  -1.1599726e+00   1.2488285e+01  -1.9060805e+00
   8.9559017e-01   1.2450670e+01  -1.8828868e+00
   6.6660887e-01   1.4555844e+01  -1.8677454e+00
   1.0118476e+00   1.5804106e+01  -1.9759629e+00
   1.2313607e+00   3.0342871e+01  -1.9121961e+00
   2.9562399e-01   3.2796762e+01  -1.9072613e+00
   1.7804091e+00   3.5016057e+01  -1.8685998e+00
  -4.4148679e-01   3.9457998e+01  -1.8219640e+00
  -5.0827902e-02   4.0576355e+01  -1.8055662e+00
  -3.5707494e-02   3.7861192e+01  -1.7609198e+00
  -7.9247765e-02   3.3968685e+01  -1.7569405e+00
  -4.3343153e-01   2.7685240e+01  -1.6629149e+00
   2.2202958e+00   2.2303495e+01  -1.7311660e+00
   4.8102613e-01   2.9108653e+01  -1.6618173e+00
  -1.2735556e+00   3.2336099e+01  -1.5685737e+00
   8.5231792e-01   3.1633912e+01  -1.5466462e+00
   6.8077760e-01   3.3372806e+01  -1.4365951e+00
  -4.7855585e-01   3.9162531e+01  -1.5692842e+00
  -5.1341802e-01   4.0295981e+01  -1.7275144e+00
   9.3364533e-01   3.4571516e+01  -1.6299920e+00
   3.8570357e-01   3.5088299e+01  -1.5772018e+00
   4.4518112e-01   3.5579781e+01  -1.4394174e+00
   4.0275223e-01   3.5709126e+01  -1.4546240e+00
   2.1288357e-01   3.1678585e+01  -1.4996685e+00
  -5.1547202e-01   2.0805542e+01  -1.3682759e+00
  -2.1534073e-01   1.5329085e+01  -1.3061648e+00
   8.2669833e-02   1.3559321e+01  -1.2072060e+00
  -5.6922927e-01   1.9668683e+01  -1.2183275e+00
   1.3342775e-01   2.3688148e+01  -1.2813556e+00
   6.5501973e-01   2.2364507e+01  -1.3783582e+00
   3.8853862e-01   1.7539813e+01  -1.3603965e+00
  -6.8771508e-01   1.2955454e+01  -1.2726433e+00
  -1.5196128e-01   1.5534344e+01  -1.3283000e+00
  -2.1476737e-01   1.8024581e+01  -1.2833616e+00
   1.3870005e-01   1.5895220e+01  -1.1675874e+00
  -5.9559275e-01   1.5075465e+01  -1.1398380e+00
  -1.2720995e-01   1.7602790e+01  -1.1521761e+00
   1.3796884e+00   2.1046427e+01  -1.0933526e+00
  -4.3563622e-01   2.6976715e+01  -1.1206893e+00
  -3.9261287e-01   2.9892896e+01  -1.2645872e+00
   4.6715731e-01   3.1524392e+01  -1.3431571e+00
  -5.0527796e-01   3.2620687e+01  -1.3441472e+00
  -2.9866034e-01   3.3443609e+01  -1.3078951e+00
  -1.1615911e-01   3.4715997e+01  -1.4137468e+00
   2.4855252e-01   3.4870975e+01  -1.3354812e+00
  -1.0235066e-01   3.7503923e+01  -1.2935041e+00
   3.8157583e-01   4.0206737e+01  -1.2256776e+00
  -7.3035375e-01   4.3335624e+01  -1.2132074e+00
  -3.7750139e-01   3.9702492e+01  -1.1573677e+00
   6.0878815e-01   4.3253674e+01  -1.0774048e+00
  -9.5459233e-01   4.7054656e+01  -1.1127137e+00
   1.1785260e+00   5.0869390e+01  -1.0602652e+00
   8.4207592e-01   5.6806754e+01  -9.7809846e-01
  -2.5323497e-01   5.7274224e+01  -9.0277606e-01
   6.0965495e-01   5.6824304e+01  -9.3370817e-01
