21.4800000000000
21.6200000000000
22
22
21.9500000000000
22.0800000000000
22.2300000000000
22.4000000000000
22.8400000000000
22.9100000000000
23.0600000000000
23.4100000000000
23.6800000000000
23.6700000000000
23.5000000000000
23.8200000000000
24.0100000000000
24.1500000000000
24.4000000000000
24.4300000000000
24.3600000000000
24.3100000000000
24.1600000000000
24.0500000000000
24.0100000000000
23.9100000000000
23.9100000000000
23.9200000000000
23.9100000000000
23.9200000000000
23.7000000000000
23.7000000000000
23.7500000000000
23.6700000000000
23.7000000000000
23.6100000000000
23.5100000000000
23.6100000000000
23.6400000000000
23.6500000000000
23.7700000000000
23.8800000000000
24.0700000000000
24.2000000000000
24.3400000000000
24.5000000000000
24.6000000000000
24.9800000000000
25.3800000000000
25.8300000000000
25.8800000000000
25.9200000000000
25.9900000000000
25.9300000000000
25.9100000000000
25.8600000000000
26.0300000000000
26.1600000000000
26.3200000000000
26.4700000000000
26.4500000000000
26.4100000000000
26.3900000000000
26.4600000000000
26.4700000000000
26.5300000000000
26.6800000000000
26.6900000000000
26.6300000000000
26.6900000000000
26.6900000000000
26.7100000000000
26.6400000000000
26.5900000000000
26.6300000000000
26.6900000000000
26.7000000000000
26.7700000000000
26.7900000000000
26.8500000000000
26.8900000000000
26.9500000000000
26.8500000000000
26.8700000000000
26.9400000000000
26.9900000000000
26.9300000000000
26.8600000000000
26.9300000000000
26.9400000000000
26.8600000000000
26.8500000000000
26.8100000000000
26.7200000000000
26.7800000000000
26.7700000000000
26.7700000000000
26.8200000000000
26.7900000000000
26.7900000000000
26.7700000000000
26.7100000000000
26.7600000000000
26.7200000000000
26.8500000000000
26.8200000000000
26.8800000000000
26.8700000000000
26.8300000000000
26.8600000000000
26.8900000000000
26.9300000000000
27.0300000000000
27.1500000000000
27.2900000000000
27.3100000000000
27.3500000000000
27.5100000000000
27.5100000000000
27.6300000000000
27.6700000000000
27.8000000000000
27.8600000000000
27.9300000000000
28
28.1100000000000
28.1900000000000
28.2800000000000
28.3200000000000
28.3200000000000
28.4100000000000
28.4700000000000
28.6400000000000
28.7000000000000
28.8700000000000
28.9400000000000
28.9400000000000
28.9100000000000
28.8900000000000
28.9400000000000
28.9100000000000
28.9100000000000
28.9500000000000
28.9700000000000
29.0100000000000
29
28.9700000000000
28.9800000000000
29.0400000000000
29.1100000000000
29.1500000000000
29.1800000000000
29.2500000000000
29.3500000000000
29.3500000000000
29.4100000000000
29.3700000000000
29.4100000000000
29.4100000000000
29.5400000000000
29.5700000000000
29.6100000000000
29.5500000000000
29.6100000000000
29.6100000000000
29.7500000000000
29.7800000000000
29.8100000000000
29.8400000000000
29.8400000000000
29.8400000000000
29.8100000000000
29.8400000000000
29.8400000000000
29.9200000000000
29.9400000000000
29.9800000000000
29.9800000000000
29.9800000000000
30.0100000000000
30.0400000000000
30.1100000000000
30.1700000000000
30.2100000000000
30.2400000000000
30.2100000000000
30.2200000000000
30.2800000000000
30.4200000000000
30.3800000000000
30.3800000000000
30.3800000000000
30.4400000000000
30.4800000000000
30.5100000000000
30.4800000000000
30.5100000000000
30.6100000000000
30.6900000000000
30.7500000000000
30.7200000000000
30.7500000000000
30.7800000000000
30.8800000000000
30.9400000000000
30.9100000000000
30.9400000000000
30.9500000000000
30.9800000000000
31.0100000000000
31.0200000000000
31.0500000000000
31.0800000000000
31.1200000000000
31.2100000000000
31.2500000000000
31.2800000000000
31.2800000000000
31.3100000000000
31.3800000000000
31.4800000000000
31.6100000000000
31.5800000000000
31.5500000000000
31.6200000000000
31.6500000000000
31.7500000000000
31.8500000000000
31.8800000000000
32.0800000000000
32.1800000000000
32.2800000000000
32.3500000000000
32.3800000000000
32.4500000000000
32.6500000000000
32.7500000000000
32.8500000000000
32.8800000000000
32.9200000000000
32.9000000000000
33
33
33.1000000000000
33.1000000000000
33.3000000000000
33.4000000000000
33.5000000000000
33.6000000000000
33.7000000000000
33.9000000000000
34
34.1000000000000
34.2000000000000
34.3000000000000
34.4000000000000
34.5000000000000
34.7000000000000
34.9000000000000
35
35.1000000000000
35.3000000000000
35.4000000000000
35.6000000000000
35.7000000000000
35.8000000000000
36.1000000000000
36.3000000000000
36.4000000000000
36.6000000000000
36.8000000000000
36.9000000000000
37.1000000000000
37.3000000000000
37.5000000000000
37.7000000000000
37.9000000000000
38.1000000000000
38.3000000000000
38.5000000000000
38.6000000000000
38.8000000000000
38.9000000000000
39
39.2000000000000
39.4000000000000
39.6000000000000
39.8000000000000
39.9000000000000
39.9000000000000
40
40.1000000000000
40.3000000000000
40.5000000000000
40.6000000000000
40.7000000000000
40.8000000000000
40.9000000000000
41
41.1000000000000
41.2000000000000
41.4000000000000
41.4000000000000
41.5000000000000
41.6000000000000
41.7000000000000
41.8000000000000
41.9000000000000
42.1000000000000
42.2000000000000
42.4000000000000
42.5000000000000
42.7000000000000
43
43.4000000000000
43.7000000000000
43.9000000000000
44.2000000000000
44.2000000000000
45
45.2000000000000
45.6000000000000
45.9000000000000
46.3000000000000
46.8000000000000
47.3000000000000
47.8000000000000
48.1000000000000
48.6000000000000
49
49.3000000000000
49.9000000000000
50.6000000000000
51
51.5000000000000
51.9000000000000
52.3000000000000
52.6000000000000
52.8000000000000
53
53.1000000000000
53.5000000000000
54
54.2000000000000
54.6000000000000
54.9000000000000
55.3000000000000
55.6000000000000
55.8000000000000
55.9000000000000
56
56.1000000000000
56.4000000000000
56.7000000000000
57
57.3000000000000
57.6000000000000
57.9000000000000
58.1000000000000
58.4000000000000
58.7000000000000
59.3000000000000
59.6000000000000
60
60.2000000000000
60.5000000000000
60.8000000000000
61.1000000000000
61.3000000000000
61.6000000000000
62
62.3000000000000
62.7000000000000
63
63.4000000000000
63.9000000000000
64.5000000000000
65
65.5000000000000
65.9000000000000
66.5000000000000
67.1000000000000
67.5000000000000
67.9000000000000
68.5000000000000
69.2000000000000
69.9000000000000
70.6000000000000
71.4000000000000
72.2000000000000
73
73.7000000000000
74.4000000000000
75.2000000000000
76
76.9000000000000
78
79
80.1000000000000
80.9000000000000
81.7000000000000
82.5000000000000
82.6000000000000
83.2000000000000
83.9000000000000
84.7000000000000
85.6000000000000
86.4000000000000
87.2000000000000
88
88.6000000000000
89.1000000000000
89.7000000000000
90.5000000000000
91.5000000000000
92.2000000000000
93.1000000000000
93.4000000000000
93.8000000000000
94.1000000000000
94.4000000000000
94.7000000000000
94.7000000000000
95
95.9000000000000
97
97.5000000000000
97.7000000000000
97.7000000000000
98.1000000000000
98
97.7000000000000
97.9000000000000
98
98.1000000000000
98.8000000000000
99.2000000000000
99.4000000000000
99.8000000000000
100.100000000000
100.400000000000
100.800000000000
101.100000000000
101.400000000000
102.100000000000
102.600000000000
102.900000000000
103.300000000000
103.500000000000
103.700000000000
104.100000000000
104.400000000000
104.700000000000
105.100000000000
105.300000000000
105.500000000000
105.700000000000
106.300000000000
106.800000000000
107
107.200000000000
107.500000000000
107.700000000000
107.900000000000
108.100000000000
108.500000000000
109
109.500000000000
109.900000000000
109.700000000000
109.100000000000
108.700000000000
109
109.400000000000
109.500000000000
109.600000000000
110
110.200000000000
110.400000000000
110.800000000000
111.400000000000
111.800000000000
112.200000000000
112.700000000000
113
113.500000000000
113.800000000000
114.300000000000
114.700000000000
115
115.400000000000
115.600000000000
116
116.200000000000
116.500000000000
117.200000000000
117.500000000000
118
118.500000000000
119
119.500000000000
119.900000000000
120.300000000000
120.700000000000
121.200000000000
121.600000000000
122.200000000000
123.100000000000
123.700000000000
124.100000000000
124.500000000000
124.500000000000
124.800000000000
125.400000000000
125.900000000000
126.300000000000
127.500000000000
128
128.600000000000
128.900000000000
129.100000000000
129.900000000000
130.500000000000
131.600000000000
132.500000000000
133.400000000000
133.700000000000
134.200000000000
134.700000000000
134.800000000000
134.800000000000
135.100000000000
135.600000000000
136
136.200000000000
136.600000000000
137
137.200000000000
137.800000000000
138.200000000000
138.300000000000
138.600000000000
139.100000000000
139.400000000000
139.700000000000
140.100000000000
140.500000000000
140.800000000000
141.100000000000
141.700000000000
142.100000000000
142.300000000000
142.800000000000
143.100000000000
143.300000000000
143.800000000000
144.200000000000
144.300000000000
144.500000000000
144.800000000000
145
145.600000000000
146
146.300000000000
146.300000000000
146.700000000000
147.100000000000
147.200000000000
147.500000000000
147.900000000000
148.400000000000
149
149.300000000000
149.400000000000
149.800000000000
150.100000000000
150.500000000000
150.900000000000
151.200000000000
151.800000000000
152.100000000000
152.400000000000
152.600000000000
152.900000000000
153.100000000000
153.500000000000
153.700000000000
153.900000000000
154.700000000000
155
155.500000000000
156.100000000000
156.400000000000
156.700000000000
157
157.200000000000
157.700000000000
158.200000000000
158.700000000000
159.100000000000
159.400000000000
159.700000000000
159.800000000000
159.900000000000
159.900000000000
160.200000000000
160.400000000000
160.800000000000
161.200000000000
161.500000000000
161.700000000000
161.800000000000
162
162
162
162.200000000000
162.600000000000
162.800000000000
163.200000000000
163.400000000000
163.500000000000
163.900000000000
164.100000000000
164.400000000000
164.700000000000
164.700000000000
164.800000000000
165.900000000000
166
166
166.700000000000
167.100000000000
167.800000000000
168.100000000000
168.400000000000
168.800000000000
169.300000000000
170
171
170.900000000000
171.200000000000
172.200000000000
172.700000000000
172.700000000000
173.600000000000
173.900000000000
174.200000000000
174.600000000000
175.600000000000
176
176.100000000000
176.400000000000
177.300000000000
177.700000000000
177.400000000000
177.400000000000
178.100000000000
177.600000000000
177.500000000000
177.400000000000
177.700000000000
178
178.500000000000
179.300000000000
179.500000000000
179.600000000000
180
180.500000000000
180.800000000000
181.200000000000
181.500000000000
181.800000000000
182.600000000000
183.600000000000
183.900000000000
183.200000000000
182.900000000000
183.100000000000
183.700000000000
184.500000000000
185.100000000000
184.900000000000
185
185.500000000000
186.300000000000
186.700000000000
187.100000000000
187.400000000000
188.200000000000
188.900000000000
189.100000000000
189.200000000000
189.800000000000
190.800000000000
191.700000000000
191.700000000000
191.600000000000
192.400000000000
193.100000000000
193.700000000000
193.600000000000
193.700000000000
194.900000000000
196.100000000000
198.800000000000
199.100000000000
198.100000000000
198.100000000000
199.300000000000
199.400000000000
199.700000000000
200.700000000000
201.300000000000
201.800000000000
202.900000000000
203.800000000000
202.800000000000
201.900000000000
202
203.100000000000
203.437000000000
204.226000000000
205.288000000000
205.904000000000
206.755000000000
207.234000000000
207.603000000000
207.667000000000
208.547000000000
209.190000000000
210.834000000000
211.445000000000
212.199000000000
212.623000000000
213.441000000000
213.971000000000
215.206000000000
217.470000000000
219.090000000000
218.749000000000
218.872000000000
216.966000000000
213.074000000000
211.401000000000
211.962000000000
212.823000000000
212.561000000000
212.705000000000
212.977000000000
214.744000000000
214.726000000000
215.479000000000
215.883000000000
216.476000000000
217.113000000000
217.330000000000
217.469000000000
217.397000000000
217.440000000000
217.373000000000
217.182000000000
217.206000000000
217.649000000000
218.062000000000
218.364000000000
219.020000000000
219.441000000000
220.414000000000
221.036000000000
222.008000000000
223.193000000000
224.030000000000
224.634000000000
224.837000000000
225.515000000000
226.266000000000
226.870000000000
226.804000000000
227.014000000000
227.033000000000
227.505000000000
228.433000000000
229.098000000000
229.177000000000
228.527000000000
228.618000000000
228.723000000000
230.102000000000
231.414000000000
