   .6502750E-02
   .6584565E-02
   .6564766E-02
   .6532122E-02
   .6569244E-02
   .6620976E-02
   .6614108E-02
   .6655536E-02
   .6648689E-02
   .6711416E-02
   .6677401E-02
   .6710865E-02
   .6797263E-02
   .6911043E-02
   .7171610E-02
   .7053568E-02
   .7205876E-02
   .7083759E-02
   .7153060E-02
   .7182090E-02
   .7196987E-02
   .7314774E-02
   .7335110E-02
   .7473771E-02
   .7497750E-02
   .7517913E-02
   .7495823E-02
   .7472326E-02
   .7481692E-02
   .7527478E-02
   .7628869E-02
   .7742724E-02
   .7837418E-02
   .7934547E-02
   .7990268E-02
   .8101755E-02
   .8101674E-02
   .8092056E-02
   .8092638E-02
   .8152130E-02
   .8183828E-02
   .8177047E-02
   .8205946E-02
   .8201786E-02
   .8093692E-02
   .8156291E-02
   .8254109E-02
   .8307423E-02
   .8406099E-02
   .8487133E-02
   .8535650E-02
   .8537069E-02
   .8543569E-02
   .8628065E-02
   .8565637E-02
   .8553411E-02
   .8536685E-02
   .8627230E-02
   .8610036E-02
   .8749920E-02
   .8825698E-02
   .8876698E-02
   .8912668E-02
   .8970168E-02
   .8994574E-02
   .9005730E-02
   .9093528E-02
   .9120969E-02
   .9257283E-02
   .9374975E-02
   .9498207E-02
   .9482077E-02
   .9603065E-02
   .9671112E-02
   .9801570E-02
   .1001185E-01
   .1009793E-01
   .1011272E-01
   .1018063E-01
   .1018139E-01
   .1022445E-01
   .1031831E-01
   .1031993E-01
   .1033594E-01
   .1049845E-01
   .1060417E-01
   .1074858E-01
   .1073977E-01
   .1081018E-01
   .1083194E-01
   .1084661E-01
   .1088382E-01
   .1089742E-01
   .1088774E-01
   .1092204E-01
   .1082885E-01
   .1093908E-01
   .1096352E-01
   .1095996E-01
   .1103311E-01
   .1106113E-01
   .1118472E-01
   .1127782E-01
   .1148504E-01
   .1157749E-01
   .1149948E-01
   .1148982E-01
   .1137992E-01
   .1119228E-01
   .1120025E-01
   .1120746E-01
   .1100606E-01
   .1103447E-01
   .1117167E-01
   .1122484E-01
   .1127667E-01
   .1146220E-01
   .1149360E-01
   .1156289E-01
   .1168920E-01
   .1180224E-01
   .1178048E-01
   .1184221E-01
   .1195327E-01
   .1195682E-01
   .1213927E-01
   .1214248E-01
   .1220495E-01
   .1219800E-01
   .1212607E-01
   .1215438E-01
   .1215262E-01
   .1208546E-01
   .1179161E-01
   .1187492E-01
   .1194828E-01
   .1195009E-01
   .1190786E-01
   .1192106E-01
   .1181353E-01
   .1184394E-01
   .1186490E-01
   .1189300E-01
   .1201241E-01
   .1206997E-01
   .1227370E-01
   .1239902E-01
   .1252870E-01
   .1259174E-01
   .1275626E-01
   .1278233E-01
   .1287794E-01
   .1306371E-01
   .1313542E-01
   .1331683E-01
   .1333906E-01
   .1343025E-01
   .1353644E-01
   .1370637E-01
   .1370824E-01
   .1368232E-01
   .1378757E-01
   .1390698E-01
   .1379921E-01
   .1391443E-01
   .1398671E-01
   .1408675E-01
   .1415305E-01
