laplace
5
6.2246977
-0.4316018
-1.8755512
0.58033228
0.097675038
0.51471082
1.4950784
4.8227877
6.4235222
7.4671567
6.67249
4.8255865
2.2312859
4.3831053
3.4682742
2.6756151
5.6234952
4.7948739
5.3663602
3.2232643
2.268499
-6.3977664
-4.2445408
-2.1382939
-0.35723319
0.41467751
-2.5140639
-2.414685
-1.0336794
0.95554234
2.2339704
-2.0761264
-4.2728207
-3.8353878
-1.9665787
1.0975925
1.3615699
-2.6181293
-2.7045791
-0.88948115
1.1040113
1.1060653
3.4596977
4.2444342
4.540295
4.5404811
3.3704378
3.0107807
-5.7387059
-0.93242302
-1.8040123
0.64003823
0.3011471
5.9360592
4.1858027
4.604612
4.6962204
5.2375695
4.8271682
3.3553525
2.7359365
5.7709822
7.3719017
5.2655463
2.0529292
2.7365428
6.5580049
4.4019544
3.2494022
2.8025406
2.5402691
-2.8106579
-7.3572978
-7.2689585
-4.7592352
-2.8515062
0.42016677
1.5042523
1.9349852
3.5266638
0.87527654
0.98376548
0.31004248
-0.2397695
4.3627036
2.3275254
2.0778542
2.6235148
1.7341284
1.4612135
2.389973
2.6104509
2.9341114
3.3877581
3.896654
3.0283772
5.7854978
5.7252084
6.7606012
1.985322
1.9341317
6.2674646
7.3278447
9.6035613
11.725328
10.484946
10.305604
9.2842159
11.663595
10.80532
9.263565
9.9667795
11.616951
11.564198
9.3919561
8.5655062
8.2693868
9.7256194
9.1722374
11.744319
9.8191723
10.396899
8.2201335
6.7516631
7.7390859
7.487296
8.1183851
7.2929772
4.7589523
5.6723243
7.9879944
9.5820386
10.396316
14.313451
11.580842
11.251257
7.7315736
5.823335
6.0530692
5.7354864
7.6377295
9.4091423
12.936401
11.147056
9.8990828
10.348951
11.768194
12.366746
10.279536
11.085558
6.894758
7.0823547
7.4127308
7.2991411
8.2327529
7.3346497
6.0744064
5.8215651
6.9316495
5.0740515
4.9964138
1.1503049
3.0142906
2.0313707
2.0668981
2.8777858
3.3435122
2.5963298
4.1494333
5.0593965
6.5407066
5.0129673
2.7452506
3.0341674
2.5195807
1.6806879
2.5232045
6.3693689
5.9761909
3.6670539
3.2492807
4.0667225
5.3599134
4.8165711
5.3379021
5.2679351
6.8298817
7.7427374
8.4180629
8.3283348
8.4565433
8.2827597
7.0188167
2.5696526
3.2168251
1.4728491
-0.5080342
0.9418064
1.6499122
