  -4.751541      -5.013336      -6.335382      -4.857561     
  -4.771461      -5.003945      -6.382379      -4.851179     
  -4.770158      -5.009026      -6.390872      -4.856900     
  -4.782140      -5.004027      -6.363849      -4.859339     
  -4.732302      -4.991235      -6.307423      -4.856487     
  -4.695393      -4.974635      -6.220532      -4.850630     
  -4.660632      -4.937625      -6.154219      -4.875178     
  -4.640086      -4.954222      -6.169284      -4.879205     
  -4.650326      -4.932858      -6.205502      -4.905864     
  -4.647153      -4.949951      -6.239376      -4.897994     
  -4.647797      -4.940215      -6.250569      -4.881677     
  -4.662403      -4.936165      -6.258985      -4.875895     
  -4.660589      -4.934093      -6.247207      -4.866960     
  -4.675963      -4.917859      -6.239257      -4.857038     
  -4.675892      -4.915083      -6.299180      -4.859375     
  -4.652169      -4.896356      -6.240998      -4.864195     
  -4.650446      -4.893152      -6.212005      -4.866256     
  -4.647538      -4.890467      -6.211849      -4.862901     
  -4.656490      -4.893409      -6.215913      -4.863759     
  -4.674427      -4.896549      -6.223985      -4.854108     
  -4.671633      -4.895296      -6.239733      -4.855665     
  -4.661812      -4.889195      -6.225081      -4.851711     
  -4.641637      -4.875816      -6.196726      -4.836094     
  -4.618086      -4.861002      -6.185046      -4.834181     
  -4.592879      -4.848846      -6.147544      -4.835903     
  -4.576318      -4.836529      -6.110926      -4.839346     
  -4.566378      -4.829531      -6.094152      -4.845030     
  -4.554008      -4.815675      -6.090466      -4.845457     
  -4.560158      -4.815685      -6.111770      -4.853237     
  -4.561180      -4.816872      -6.110039      -4.859781     
  -4.561011      -4.816801      -6.113788      -4.868161     
  -4.553841      -4.809476      -6.129335      -4.874129     
  -4.555667      -4.805595      -6.134403      -4.878747     
  -4.561216      -4.806424      -6.148941      -4.881828     
  -4.557331      -4.802896      -6.141568      -4.887855     
  -4.581146      -4.803403      -6.161263      -4.892051     
  -4.616506      -4.816670      -6.216255      -4.888921     
  -4.617418      -4.808966      -6.250768      -4.868087     
  -4.592569      -4.797044      -6.245801      -4.857370     
  -4.571473      -4.790606      -6.193254      -4.853472     
  -4.554224      -4.778798      -6.140407      -4.849893     
  -4.532481      -4.769204      -6.110673      -4.845120     
  -4.540746      -4.763504      -6.104892      -4.842125     
  -4.531261      -4.763338      -6.120159      -4.840989     
  -4.515629      -4.762576      -6.099083      -4.852754     
  -4.528048      -4.752735      -6.132515      -4.848643     
  -4.533300      -4.759997      -6.162025      -4.837914     
  -4.550863      -4.761425      -6.165540      -4.827227     
  -4.548415      -4.763383      -6.177296      -4.812884     
  -4.537279      -4.752832      -6.172809      -4.804368     
  -4.524797      -4.754827      -6.152310      -4.796425     
  -4.506651      -4.738711      -6.123951      -4.781808     
  -4.495694      -4.730088      -6.107688      -4.771008     
  -4.486251      -4.724326      -6.079153      -4.756731     
  -4.482334      -4.720282      -6.076822      -4.748122     
  -4.490523      -4.713851      -6.093719      -4.740509     
  -4.479417      -4.711134      -6.092050      -4.723732     
  -4.464922      -4.709894      -6.049487      -4.707002     
  -4.452940      -4.700192      -6.029259      -4.695176     
  -4.448657      -4.697179      -6.006750      -4.683879     
  -4.426220      -4.682345      -5.996229      -4.672042     
  -4.421331      -4.669711      -5.998599      -4.664034     
  -4.410877      -4.656652      -5.995154      -4.651572     
  -4.410204      -4.658352      -5.989304      -4.637004     
  -4.385450      -4.645673      -5.944073      -4.632134     
  -4.377892      -4.638612      -5.916489      -4.623247     
  -4.367310      -4.625213      -5.907838      -4.613479     
  -4.349726      -4.603986      -5.888224      -4.599895     
  -4.331437      -4.595425      -5.866529      -4.594684     
  -4.336744      -4.593961      -5.880743      -4.596202     
  -4.337205      -4.587268      -5.888928      -4.600940     
  -4.339534      -4.587194      -5.932125      -4.606032     
  -4.345772      -4.582974      -5.962470      -4.598321     
  -4.343846      -4.573835      -5.932166      -4.579027     
  -4.333134      -4.573679      -5.925223      -4.560899     
  -4.332532      -4.572128      -5.897498      -4.554985     
  -4.324959      -4.556528      -5.875277      -4.561156     
  -4.311677      -4.546508      -5.886289      -4.557329     
  -4.305668      -4.532981      -5.882195      -4.552710     
  -4.310588      -4.533802      -5.857820      -4.550954     
  -4.293274      -4.527267      -5.847395      -4.549010     
  -4.297069      -4.525256      -5.849391      -4.558709     
  -4.290984      -4.523902      -5.843110      -4.567791     
  -4.298313      -4.520478      -5.878375      -4.573463     
  -4.307969      -4.519230      -5.895517      -4.586951     
  -4.309593      -4.520118      -5.921375      -4.598733     
  -4.300472      -4.516972      -5.905467      -4.588649     
  -4.317635      -4.525542      -5.901471      -4.577938     
  -4.287089      -4.515414      -5.892350      -4.563938     
  -4.291004      -4.513182      -5.862214      -4.548037     
  -4.291428      -4.513506      -5.848819      -4.537883     
  -4.297406      -4.506855      -5.839065      -4.527234     
  -4.285255      -4.504318      -5.803370      -4.519093     
  -4.264544      -4.493207      -5.796645      -4.503239     
  -4.252674      -4.484918      -5.791240      -4.485797     
  -4.233805      -4.466710      -5.743933      -4.469201     
  -4.212560      -4.458693      -5.713796      -4.464323     
  -4.212691      -4.465453      -5.718127      -4.474969     
  -4.213210      -4.466294      -5.724946      -4.483182     
  -4.210917      -4.475905      -5.737092      -4.495953     
  -4.224715      -4.492531      -5.767856      -4.496764     
  -4.231916      -4.491819      -5.787650      -4.509187     
  -4.250018      -4.491176      -5.819818      -4.534648     
  -4.265982      -4.509309      -5.885027      -4.550953     
  -4.298570      -4.506731      -5.959271      -4.564147     
  -4.290214      -4.494374      -5.974245      -4.546356     
  -4.276779      -4.489626      -5.956021      -4.540511     
  -4.266298      -4.485019      -5.941276      -4.537086     
  -4.245501      -4.468701      -5.910695      -4.522388     
  -4.243447      -4.465965      -5.901955      -4.509048     
  -4.242652      -4.459955      -5.899292      -4.502004     
  -4.234449      -4.449090      -5.855500      -4.487125     
  -4.222274      -4.439466      -5.821744      -4.473308     
  -4.210090      -4.441312      -5.773759      -4.471069     
  -4.193263      -4.436085      -5.760360      -4.464096     
  -4.200373      -4.426751      -5.758258      -4.462469     
  -4.193272      -4.426453      -5.748989      -4.463456     
  -4.162548      -4.411309      -5.694388      -4.476004     
  -4.160577      -4.411045      -5.686704      -4.478012     
  -4.149797      -4.405914      -5.683406      -4.481591     
  -4.152530      -4.406483      -5.681238      -4.492658     
  -4.157984      -4.412398      -5.687242      -4.499210     
  -4.153145      -4.410065      -5.678261      -4.495823     
  -4.160814      -4.410210      -5.691243      -4.501965     
  -4.155076      -4.415752      -5.709691      -4.509682     
  -4.191510      -4.440367      -5.819846      -4.527391     
  -4.193246      -4.433327      -5.823385      -4.518836     
  -4.179791      -4.427168      -5.785671      -4.524663     
  -4.162741      -4.427016      -5.776096      -4.539176     
  -4.170217      -4.430556      -5.770852      -4.536000     
  -4.169567      -4.429449      -5.782580      -4.538983     
  -4.192617      -4.438510      -5.820063      -4.533971     
  -4.214057      -4.435939      -5.861596      -4.529243     
  -4.211439      -4.434171      -5.896271      -4.527073     
  -4.229444      -4.431805      -5.931191      -4.520409     
  -4.237587      -4.421815      -5.912631      -4.507854     
  -4.225066      -4.417035      -5.912506      -4.467871     
  -4.200457      -4.400297      -5.859586      -4.452822     
  -4.186019      -4.390138      -5.804469      -4.445707     
  -4.162805      -4.379733      -5.761794      -4.440351     
  -4.139502      -4.374714      -5.727623      -4.435816     
  -4.135239      -4.361733      -5.690222      -4.427245     
  -4.131431      -4.359691      -5.679202      -4.421923     
  -4.132389      -4.352239      -5.664657      -4.409834     
  -4.124088      -4.337917      -5.659393      -4.389066     
  -4.122824      -4.332443      -5.642566      -4.383312     
  -4.124231      -4.318727      -5.658757      -4.370697     
  -4.119004      -4.317059      -5.632717      -4.363335     
  -4.100902      -4.310245      -5.650219      -4.354581     
  -4.111983      -4.302370      -5.659156      -4.342117     
  -4.114293      -4.289895      -5.668233      -4.332018     
  -4.115257      -4.289758      -5.667322      -4.319938     
  -4.104136      -4.291651      -5.687549      -4.313070     
  -4.091492      -4.283987      -5.665288      -4.316588     
  -4.083865      -4.275364      -5.632846      -4.320603     
  -4.070874      -4.283144      -5.631193      -4.319597     
  -4.057971      -4.274829      -5.625889      -4.306949     
  -4.053461      -4.269648      -5.603153      -4.305020     
  -4.045185      -4.262520      -5.595496      -4.311099     
  -4.046676      -4.257825      -5.595836      -4.316183     
