
     0.021989540     0.0061791000     0.0019024880     0.0090154540 
     0.011074670    -0.0044295760     0.0029612870     0.0055347190 
    0.0048028980     -0.014315000    0.00094225720     0.0058364050 
    -0.025491700     -0.023506190    0.00098720900     0.0016496820 
    -0.059378270     -0.019476740    -0.0034914990     -0.020856090 
    -0.066390200     -0.026301290    -0.0032073130     -0.015963800 
    -0.042510850     -0.024536050     0.0023442030    -0.0056946730 
    -0.027049450     -0.025453040     0.0039617710     0.0019251110 
    -0.011649130     -0.018756420     0.0021470120     0.0033592960 
     0.022606470    -0.0067424710     0.0027137880      0.012527090 
     0.012267550    -0.0023585220   -0.00049888850     0.0049584230 
     0.020211710    -0.0032520580     0.0043417210     0.0098541990 
     0.019252370    -0.0060669500   -0.00087607890     0.0086499800 
    0.0067953520     0.0022259300    -0.0039176840   -4.1335810E-05 
    0.0042679440     0.0041647580    -0.0021526860    -0.0095585830 
    -0.020490350     0.0081838350    -0.0054972450     -0.024646030 
    -0.030477270      0.012454880    -0.0048543290     -0.030664250 
    -0.021476360     0.0027209700    -0.0046543370     -0.011498300 
   -0.0039325950     0.0078783760    -0.0046352900    -0.0017687930 
     0.016167890      0.014804490     0.0014890630     0.0029410090 
     0.014742620     0.0090949200    -0.0013940850     0.0066847520 
     0.028598600      0.023503420     0.0033992990     0.0084762990 
     0.020060790      0.025845590     0.0033229080     0.0020526280 
     0.013184250      0.028093030     0.0036845660     0.0036678150 
     0.032781870      0.043724660     0.0033618120     0.0078920480 
     0.015291650      0.026104710    0.00080465060      0.013517910 
     0.012892280      0.024937020    0.00064261340     0.0082488860 
     0.011626730      0.033351470     0.0036368550   -0.00048048460 
     0.024632540      0.025413510    0.00060255010      0.010462820 
     0.028267340      0.023961600   -1.2826140E-06      0.017831520 
     0.036317960      0.031501740    -0.0046321430      0.016414000 
     0.028770510      0.033044900    -0.0051621430      0.015604910 
     0.043974300      0.035148570    -0.0046334620      0.018581230 
     0.037220860      0.029990030   -0.00051098290     0.0083661170 
     0.044570080      0.030658420     0.0047226620     0.0035470790 
     0.049842000      0.024229010     0.0048640790      0.010551120 
     0.065982790      0.028081690     0.0067197890      0.016622370 
     0.056582370      0.027202420     0.0015226050      0.016375920 
     0.055270180      0.033708030     0.0032061350      0.010338020 
     0.043416510      0.031523750   -0.00054478120    -0.0015082640 
     0.025929990      0.018464900    -0.0032640680    -0.0015152860 
     0.013571230      0.012710710    -0.0022570880    -0.0071400970 
     0.014933180      0.012561140    -0.0045067980    -0.0032853060 
    0.0058050590      0.011016750    -0.0013951140    -0.0021205010 
     0.018455300      0.021007030    -0.0023965470      0.010786960 
     0.021905860      0.020256710     0.0056596260      0.011249120 
     0.019807810      0.015214110     0.0096363150     0.0096081820 
    0.0076531320      0.012600650     0.0074927910     0.0076656170 
     0.026441580      0.022177020     0.0097165330     0.0045929570 
     0.018530990      0.019137770     0.0064620470   -0.00070178850 
     0.028637380      0.021930440     0.0074973960    -0.0011304340 
    0.0026445230     0.0071229000     0.0051940960    -0.0055352580 
    -0.023920890     -0.012498310   -0.00052633670   -0.00043981640 
    -0.044718070     -0.025254880    -0.0020692990    -0.0083270480 
    -0.039811210     -0.031252700    -0.0077346620     0.0019722810 
    -0.053831450     -0.030040410     -0.010758810    -0.0094317750 
   -0.0079869850     -0.015962780    -0.0017402190    -0.0099274870 
    -0.025249930     -0.024981620     0.0053309420     -0.017805750 
    -0.031845570     -0.025746300      0.012954050     -0.022998170 
    -0.032254050     -0.013656000      0.016751570     -0.034909460 
    -0.023986640     -0.013363130      0.013131170     -0.034993430 
    0.0035100220   -0.00064290390     0.0096650220     -0.014295590 
     0.020336600      0.010532860     0.0023634120     0.0013543120 
     0.035726430      0.015355580   -0.00062033680      0.018633610 
     0.067485320      0.032925250     0.0028021370      0.035075890 
     0.051053090      0.032229810    0.00016027130      0.027960730 
     0.040468720      0.024395720     0.0021282060      0.032964710 
     0.021838100      0.016189790    -0.0017110950      0.010167310 
  -0.00056211030     0.0053788200    0.00050862100    -0.0035642010 
    -0.022290970   -0.00094557490     0.0024675110     -0.022485160 
    -0.044341270    -0.0066906320    3.0434400E-05     -0.034748050 
    -0.064681160     -0.016070960   -0.00096651580     -0.045193930 
    -0.084666650     -0.012435260   -0.00053418800     -0.057264080 
    -0.066851130     -0.021403100     0.0029284980     -0.034300310 
    -0.054833130     -0.031569380     0.0040976600     -0.017527240 
    -0.050353420     -0.036353640     0.0040265610    -0.0027911270 
    -0.029392070     -0.033709560     0.0042139670     0.0086239890 
    -0.025062860     -0.029821750   -0.00063754550      0.015731510 
    -0.020898500     -0.028897500    -0.0035319450      0.028808250 
    -0.026550110     -0.026758970    -0.0088077080      0.025222190 
    -0.015455100     -0.022398640    -0.0033874160      0.021784170 
    -0.015067190     -0.014968420     0.0030661180     0.0067506530 
     0.012236670     0.0086168780     0.0057775900    -0.0026232390 
    -0.012891890   -0.00052950350     0.0080947190     -0.011849780 
   -0.0026333850      0.012673930     0.0027576140     -0.012436940 
    0.0053978100    -0.0081034690    -0.0022788010     0.0076307590 
    0.0059595350    -0.0098310230    -0.0032600850      0.012527710 
     0.012114580     -0.018289280    -0.0017728840      0.019035520 
    0.0025507320     -0.030381690     0.0033879110      0.024221400 
    -0.014217720     -0.045066910     0.0030728760      0.024127360 
    0.0060713740     -0.036947970     0.0049893130      0.032793800 
    -0.013717020     -0.044201420     0.0056336990      0.034860770 
   -0.0060717280     -0.037021750     0.0019833360      0.039967580 
    -0.020145100     -0.018213110    -0.0040304030    0.00060078700 
    -0.024007410     -0.025707300    -0.0059359670    0.00071129830 
    -0.013479060     -0.022095470    -0.0059387640     0.0069679290 
     0.010512720     -0.019652300    0.00092894090      0.016328750 
     0.019508030    -0.0073159330     0.0011949460      0.024106040 
     0.016189330    -0.0011757750     0.0043202750      0.023967420 
   -0.0033873580     0.0011848040     0.0032624590     0.0022333520 
    -0.029341410     0.0023626210    -0.0010296180     -0.016125540 
    -0.039614750     0.0010721420    -0.0047566810     -0.033568080 
    -0.065387040     -0.010891980     -0.010099210     -0.038357760 
    -0.067004310    -0.0078515020    -0.0074350870     -0.055213570 
    -0.058150220    -0.0095191400     -0.010656670     -0.038818640 
    -0.064508180     -0.020377920    -0.0046667430     -0.050004720 
    -0.041666360     -0.011326350    -0.0058829970     -0.035939220 
   -0.0073180130     0.0019081190    -0.0055653740     -0.020075610 
    0.0028105200    -0.0085614950    -0.0041635330    4.8452330E-05 
    0.0067162250    -0.0093186080    -0.0066562500     0.0049021440 
   -0.0045858030     -0.017379920    -0.0020349570     0.0068609810 
    -0.025321820     -0.024942580   -0.00071104280   -0.00069240090 
    -0.020686290     -0.023849370    -0.0013596220     0.0029935300 
    -0.034240510     -0.023836990     0.0036309240     -0.016095260 
    -0.032869010     -0.016554980   -0.00012678530     -0.017625900 
    -0.029111660     -0.011505790     0.0015975290     -0.018530130 
    -0.013849760     -0.014356680   -0.00066973400     -0.010452330 
   -0.0080158520    -0.0032547690    -0.0035823810     -0.010597980 
   -0.0074414370     0.0041227700    -0.0017969650     -0.020838550 
   0.00028970350      0.024186910   -0.00055705130     -0.033422780 
     0.020606120      0.027159600    0.00043741750     -0.033894770 
     0.025104510      0.024507030     0.0029143890     -0.031083770 
     0.028331890      0.029142900    -0.0034285220     -0.018536370 
     0.013795870     0.0055082690    -0.0057314680    -0.0062117470 
     0.016537940    -0.0022063220    -0.0045953840     0.0081642940 
     0.017797100     0.0058607390    -0.0081887530      0.011038900 
     0.026266710     0.0095164330   -0.00082301730      0.020869090 
     0.038363740      0.019407120   -0.00042594690      0.026663210 
    0.0057123030     0.0038201690    0.00045579620   -0.00090747530 
  -0.00062304610    -0.0035721610     0.0023669000    -0.0021444140 
   -0.0057961300     -0.012695100     0.0012228560    -0.0010672500 
    -0.015236330     -0.019905480    0.00096749690    -0.0035981170 
    -0.026165220     -0.015126510    -0.0015872870     -0.012480150 
    -0.023934310     -0.018592840    -0.0013673310    -0.0066253890 
    -0.013290210     -0.015874620     0.0011766860    -0.0032879980 
    -0.014351160     -0.018510180     0.0017630420   -0.00083954600 
   -0.0029837580     -0.014335870    -0.0022559670     0.0010955350 
     0.016212920    -0.0047219560    0.00059334400     0.0038729630 
     0.020861120    -0.0018549420    0.00085437080    0.00039885040 
     0.016706750    -0.0013257610     0.0015366560     0.0041897130 
    0.0054440350    -0.0049333000   -0.00043381500     0.0015620690 
     0.015288950     0.0011969870   -0.00059385390    -0.0029446120 
    0.0081343520     0.0065182240    -0.0015454900    -0.0052337550 
  -0.00023415880     0.0078812240   -0.00079304330     -0.010713290 
   -0.0083431050     0.0098407400    -0.0019647070     -0.011202040 
   -0.0035592150     0.0043449360    5.7909610E-05    -0.0021363750 
   -0.0057592870     0.0088731900    -0.0018181080    0.00060447600 
     0.010213830      0.012734500    0.00056735950     0.0032006500 
    0.0083103630     0.0083020780    0.00067238870     0.0050889060 
     0.017349860      0.020480260     0.0013407290     0.0046911460 
     0.011337420      0.021176420     0.0027873100     0.0020524700 
     0.014863580      0.021276490     0.0017124200     0.0023612230 
     0.024268940      0.035635150     0.0010206880     0.0032209590 
  -0.00034840240      0.021362930    0.00035694330     0.0054006040 
    0.0026455920      0.019518830    0.00024547320     0.0015699450 
    0.0020948780      0.025469300    0.00031859350    -0.0018820370 
    0.0080873360      0.021155520    0.00058307890     0.0037091780 
     0.014624780      0.021245670    -0.0012489050     0.0050788150 
     0.026357150      0.026240930    -0.0015566310     0.0041142150 
     0.014234880      0.026750630    -0.0021906850     0.0032636290 
     0.019499950      0.027766880    -0.0022890310     0.0032009940 
     0.015672050      0.021894010   -0.00095252740    -0.0012886200 
     0.024733860      0.023963810     0.0010844640    -0.0021597170 
     0.034017580      0.020609940     0.0014194530    0.00022944090 
     0.039550520      0.022812620    0.00078047340     0.0017832720 
     0.036169290      0.018796160     0.0020362920     0.0013626870 
     0.039495880      0.023697180     0.0020424820   -0.00076064900 
     0.032722790      0.023217630    0.00035416190    -0.0059847920 
     0.022309740      0.016440820    -0.0018983460    -0.0045148330 
     0.016777690      0.013907050    -0.0010784290    -0.0061738950 
    0.0079177610      0.013065290    -0.0015421470    -0.0047566730 
    0.0020733840     0.0084634660    -0.0031517170    -0.0035568610 
     0.018779200      0.013849790    -0.0018884060     0.0024127630 
     0.019917950      0.014078020     0.0010521920     0.0012438920 
     0.024900660      0.013698510     0.0026759280    0.00084097310 
     0.013552880     0.0094553250   -0.00019232580    0.00023611390 
     0.022015860      0.013466370     0.0021906130   -0.00078497230 
     0.020656150      0.010586910     0.0030961010    -0.0028097250 
     0.020609460      0.012631070   -5.6836190E-05    -0.0030972510 
    0.0096737820     0.0022440500    0.00013820190    -0.0049416880 
   -0.0047182000     -0.011180810    0.00050907490    -0.0020385770 
    -0.021608270     -0.020773730    -0.0031394850    -0.0052956960 
    -0.021251510     -0.023870740    -0.0051610380    0.00065665860 
    -0.027048130     -0.021768880    -0.0059975870    -0.0051923000 
    -0.010766970    -0.0095762550    -0.0025927820    -0.0039325590 
    -0.021389510     -0.016533620    -0.0015646690    -0.0058796400 
    -0.029089560     -0.016829770     0.0012572640    -0.0078876830 
    -0.016251000    -0.0065268400     0.0040672520     -0.011586600 
    -0.016392660    -0.0075911180     0.0042594930    -0.0088925030 
   -0.0020832840   -0.00037465760     0.0020945980   -1.4029150E-05 
    0.0086755370     0.0090854210    0.00088342260     0.0058934600 
     0.023066630      0.012496340    -0.0019906440      0.012529540 
     0.035987400      0.024788810    -0.0018985840      0.017040130 
     0.016715300      0.021654750    -0.0030024790      0.011970380 
    0.0081999610      0.015269600    -0.0037994310      0.013393170 
    -0.010515420      0.010458660    -0.0035248740     0.0022091640 
    -0.032060540     0.0029076280    -0.0016781900    -0.0041688350 
    -0.036308450    -0.0021769240    0.00026254850     -0.010783230 
    -0.035521020    -0.0082185690   -0.00062932250     -0.014325860 
    -0.060415900     -0.018229070    -0.0024522470     -0.017194110 
    -0.049418370     -0.012888260   -0.00041646800     -0.019084330 
    -0.037076470     -0.017403840    0.00072838970    -0.0064932010 
    -0.033876390     -0.021052990    0.00037505720    0.00050024100 
    -0.036339680     -0.027749130    0.00072516780     0.0061959810 
    -0.020938140     -0.025695240     0.0026181060      0.010910720 
    -0.016309660     -0.020509400   -0.00033657810      0.012575540 
    -0.011513690     -0.019333680    -0.0020280380      0.015864400 
   -0.0083843440     -0.019281330    -0.0025576240      0.012786740 
    0.0024441020     -0.015075370    -0.0016172290     0.0089125810 
   -0.0089421320     -0.013916420    -0.0014503680     0.0016150240 
    0.0030179300     0.0011650590     0.0013273880    -0.0012848080 
    0.0036843180    -0.0025263430     0.0022765520    -0.0055303600 
    0.0048092930     0.0093830220     0.0020704970    -0.0047433730 
   -0.0016475990     -0.010195920    -0.0017320390     0.0032954580 
   -0.0015470730     -0.013182960    0.00011578280     0.0038372610 
  -0.00071099600     -0.016249400   -0.00035048830     0.0070811510 
    -0.010617050     -0.024175790   -0.00056037250     0.0081776480 
    -0.024088770     -0.034686310    -0.0015010290     0.0063588380 
    -0.013816120     -0.025496950    5.6073030E-05      0.010063760 
    -0.022991540     -0.031930390     0.0026508560     0.0084738200 
    -0.028270500     -0.029727580    0.00090650270     0.0084776290 
    -0.033329810     -0.012473470    -0.0010485050    -0.0090934260 
    -0.030008340     -0.016399670    -0.0026076950    -0.0054720230 
    -0.027102370     -0.017330690    -0.0018026980    -0.0032654060 
    -0.022609200     -0.017460800    -0.0021699700    -0.0011346500 
    -0.018548740    -0.0052310670    0.00082075510     0.0027321340 
    -0.018270460    -0.0011840130    0.00054860560     0.0022255370 
    -0.025841240    0.00037345520     0.0020733820    -0.0087567810 
    -0.026160000     0.0017178350    0.00075340900     -0.010911040 
    -0.031523650    0.00049793940    0.00092871320     -0.017544670 
    -0.037443730    -0.0092859050    -0.0011422100     -0.019101220 
    -0.028047130    -0.0067340220   -0.00083644240     -0.021371200 
    -0.027887920    -0.0067604900    -0.0027017040     -0.012236490 
    -0.030957150     -0.015602040   -0.00076871570     -0.016219720 
    -0.017641010     -0.011403250    0.00084054030    -0.0070682930 
   -0.0018904490    -0.0018031220    0.00050854600    0.00049646350 
   -0.0093654990    -0.0099889390    0.00043692290     0.0092607470 
  -2.2403850E-05    -0.0080908180     0.0018501930     0.0093650900 
   -0.0096212970     -0.013773780     0.0017037370     0.0099607330 
    -0.017496690     -0.017798740     0.0022934850     0.0058996190 
    -0.011602990     -0.013251040     0.0013227030     0.0057094950 
    -0.014731850     -0.015639530     0.0030442140    -0.0024801190 
   -0.0033541400     -0.012380450     0.0021443070    -0.0013925640 
   -0.0045544450    -0.0081526020    0.00074424320    -0.0025043880 
    0.0033626200     -0.010181640     0.0025515220     0.0011365950 
     0.017862820    0.00093212630   -0.00073276150     0.0013367400 
     0.032163830     0.0064612880    -0.0018119730    -0.0034299340 
     0.038528220      0.018363460    0.00065543670    -0.0069561940 
     0.041053710      0.018956710     0.0010402610    -0.0049978660 
     0.043213490      0.018533940    0.00042101280    -0.0034085420 
     0.049331560      0.021139690    0.00012322760     0.0015246900 
     0.020407970     0.0029150420   -0.00081314140     0.0061202000 
     0.020101210   -0.00096462850   -0.00043921130      0.011391940 
     0.022993590     0.0058177660    -0.0018794870      0.011589270 
     0.027238370     0.0050893050    0.00048579020      0.014176690 
     0.043033460      0.013354640     0.0023025400      0.014710600 
   0.00069678850     0.0045329650     0.0044846520     0.0071087240 
    -0.017307910    -0.0071711500     0.0038178000    -0.0034183530 
    -0.014033610     -0.015832730     0.0020422220    0.00018839240 
    -0.036029090     -0.032690930    -0.0047476690    -0.0075107930 
    -0.085823070     -0.033342040    -0.0052805420     -0.043361360 
     -0.12295720     -0.050950520     0.0019343520     -0.038620320 
     -0.11813870     -0.043381840     0.0056882080     -0.025698630 
    -0.069394410     -0.035819050      0.013196650     -0.013281290 
    -0.014666340     -0.029601790      0.013137930     0.0020399830 
     0.037874630    -0.0089984410      0.010385240      0.016857360 
     0.038555520    -0.0054319850      0.011405370     0.0089415180 
     0.023366590    -0.0086887560     0.0025848550      0.022362260 
     0.013815550   -0.00029247460    -0.0025459450      0.013821640 
    -0.021879120    -0.0042477420     -0.012403470    -0.0028668930 
    -0.042493370    -0.0046527530     -0.017844310    -0.0086607280 
    -0.062439810      0.014371200     -0.020374530     -0.046359010 
     -0.10207980      0.014278070     -0.027859550     -0.072283280 
    -0.090150820    -0.0018744250     -0.022804490     -0.031158340 
    -0.049850560     0.0093464850     -0.018027020    -0.0054996010 
    -0.011539700      0.017948730    -0.0049835200      0.011376850 
    -0.010110330      0.012855560    -0.0026770840      0.021219650 
     0.027859070      0.032208730     0.0089906060      0.020194260 
    0.0078437730      0.039095830     0.0094082030      0.012438810 
    0.0019993810      0.040715880      0.017248520      0.017385660 
     0.019682140      0.062556390     0.0097981130      0.020535830 
     0.011244500      0.038106310      0.014616710      0.024801400 
    0.0069829940      0.039762220      0.010275030      0.011181860 
    0.0085383450      0.051360310      0.012876000     -0.010597440 
     0.019436970      0.031804060     0.0029930940      0.013791080 
     0.025876930      0.029949910    -0.0059348630      0.030972500 
     0.031399020      0.043828800     -0.014902780      0.025710090 
     0.020386140      0.047142940     -0.019081440      0.025271870 
     0.055421530      0.058770570    -0.0066744940      0.022236890 
     0.063768170      0.049169470   -0.00071215700     0.0099862310 
     0.072733110      0.042620910      0.017828670    -0.0058625650 
     0.073571490      0.031618900      0.018147700   -0.00083851670 
      0.10456230      0.045914050      0.021214420      0.012157500 
     0.096201190      0.049004600      0.015310420      0.021359120 
     0.084427520      0.058356890     0.0049530470     0.0051136710 
     0.028522170      0.044664090     0.0015263730     -0.017897310 
   -0.0048672250      0.014385410    -0.0089889020     -0.015818910 
    0.0046447870     0.0071592480    -0.0085869770     -0.023578610 
    0.0039416790      0.015768390     -0.013000700     -0.022707490 
     0.022637980      0.024237650    -0.0032863510     -0.015873030 
     0.055612540      0.043818370      0.010142750     0.0045202670 
     0.026471900      0.028801140      0.023814900     0.0041951740 
     0.024916870      0.016857380      0.038189920     0.0053816940 
     0.050063740      0.028260930      0.044428330      0.014835340 
     0.071396110      0.044125230      0.043726330     0.0067468910 
     0.063046120      0.041341360      0.043034470    -0.0048931610 
     0.075324420      0.042369210      0.038474580     -0.011047540 
     0.012090620     0.0097934640      0.024859260     -0.022247510 
    -0.033674530     -0.014832540     0.0062341040     -0.013536720 
    -0.090652030     -0.036650520     -0.011370110     -0.023271200 
    -0.072911830     -0.053568510     -0.021723280    -0.0093335230 
    -0.060777850     -0.053228690     -0.014497170     -0.014733920 
    -0.022913650     -0.034262770     0.0032726200     -0.017327890 
   -0.0096068270     -0.045340390      0.037008110     -0.020406330 
   -0.0062614650     -0.045782410      0.058462740     -0.042326480 
    0.0054788920     -0.031490880      0.064176590     -0.058737690 
     0.039442580     -0.018680630      0.060182470     -0.060054670 
     0.062239220     0.0026353840      0.043017530     -0.027090260 
     0.076449530      0.015156780      0.032061640     0.0074029090 
      0.12058710      0.023454730      0.021732350      0.042800440 
      0.16466650      0.053974700      0.023328640      0.077650410 
      0.12607780      0.060370810      0.016851910      0.066731730 
      0.11282900      0.046070500      0.012637680      0.081430530 
     0.057173000      0.025545630     0.0095248770      0.033222730 
     0.013214520     0.0092036860     0.0079070280    -0.0015121320 
    -0.022448430    0.00094730470     0.0051062940     -0.034493630 
    -0.055801840     0.0073206050    0.00062543530     -0.069540310 
     -0.12807300     -0.013593790     0.0030134230     -0.092549300 
     -0.16689370     -0.013780200     0.0076069690      -0.11080840 
     -0.14320000     -0.044443930      0.013523370     -0.065279510 
     -0.11448190     -0.057704260      0.019931630     -0.026336220 
     -0.10046410     -0.052699450      0.015693860     0.0097885810 
    -0.059787500     -0.056057310     0.0086895130      0.042902590 
    -0.052910670     -0.054708580    -0.0039313190      0.051055980 
    -0.046481820     -0.047533240     -0.017301400      0.075833200 
    -0.035305830     -0.045327490     -0.015197670      0.067892260 
    -0.011970910     -0.032872290    -0.0056944000      0.056028360 
    0.0034345490   -0.00076572760      0.016389450      0.026057060 
     0.015408320      0.020646750      0.022282510     0.0029206830 
    -0.016470340   -0.00061630840      0.017972760     -0.021672720 
    -0.029013200      0.021174090     0.0064271880     -0.037206440 
   -0.0033807190    6.9646660E-05    -0.0012967950     0.0060150600 
    0.0094582460    -0.0042428540    -0.0018585770      0.017289800 
    0.0062279340     -0.026355930     0.0024586940      0.030130160 
    0.0040744850     -0.049477070      0.016450770      0.040237230 
   -0.0037938210     -0.076180180      0.019491710      0.038686630 
     0.035608720     -0.066096760      0.027002880      0.059634040 
    0.0082280070     -0.065164340      0.011193570      0.058260820 
   -0.0025352490     -0.054525590     0.0051817510      0.055298990 
    -0.078114240     -0.039239790     -0.017552580    -0.0027297890 
    -0.075799910     -0.042478690     -0.013216630     -0.025326890 
    -0.036687660     -0.024024550     -0.012216690     -0.016337840 
   0.00058027510     -0.026786070     0.0024963320    -0.0065022460 
     0.037261230    -0.0097300400     0.0063637980      0.025381730 
     0.019875450    -0.0020345530     0.0071881790      0.018644820 
   -0.0076284600    -0.0020780510     0.0028315260     -0.011548520 
    -0.055669040     0.0064346420     -0.016385640     -0.041278820 
     -0.10978360     0.0026296340     -0.028069530     -0.073405380 
     -0.14865930     -0.015914260     -0.044659160     -0.089403810 
     -0.12011220    -0.0099718460     -0.043998320     -0.097325860 
     -0.10990170     -0.017864400     -0.042148940     -0.079500180 
     -0.13576280     -0.025350520     -0.041447640      -0.11142580 
    -0.065492370    -0.0080221500     -0.039323630     -0.068278490 
    0.0025308690      0.011985700     -0.039294890     -0.019810130 
     0.010389990    -0.0079164720     -0.037982790      0.018389640 
     0.053586900     -0.017274500     -0.029482360      0.047016760 
     0.041707660     -0.027614570     -0.025677740      0.047216950 
   -0.0027826610     -0.052070120     -0.011808290      0.027406810 
   -0.0074672860     -0.050148660    -0.0075702770      0.024579990 
    -0.010175450     -0.037088240   -5.6388230E-05    -0.0040188820 
    -0.028072870     -0.025899150    -0.0012355980     -0.015645030 
   -0.0057006270     -0.013129090   -0.00022655660     -0.023930180 
   -0.0063754640     -0.024797900     -0.010684570    -0.0086715810 
    0.0078951140     -0.018997730    -0.0069442430   -1.0545680E-06 
     0.017047950     0.0034897380    -0.0056661450     -0.019758580 
     0.043043920      0.045773330    -0.0011413610     -0.038296880 
     0.052529030      0.042197740    0.00034744630     -0.032952410 
     0.055243830      0.040250470    -0.0089557960     -0.039008780 
     0.087703120      0.047779080     -0.014974550     -0.016161590 
     0.049755940     0.0097059140     -0.027139170      0.011181630 
     0.048337570    -0.0055659290     -0.028993340      0.038315870 
     0.056525460     0.0094076920     -0.021803500      0.040420530 
     0.075128190      0.019699560     -0.019965270      0.058343000 
      0.10820990      0.029627390     -0.017172180      0.073958450 
