    1   -37.069   -15.158
    2   -33.670   -13.781
    3   -32.067   -12.875
    4   -30.870   -12.330
    5   -29.691   -11.796
    6   -28.656   -11.383
    7   -27.838   -11.039
    8   -27.280   -10.743
    9   -26.830   -10.493
   10   -26.383   -10.256
   11   -25.963   -10.070
   12   -25.488    -9.899
   13   -25.091    -9.719
   14   -24.789    -9.557
   15   -24.423    -9.412
   16   -24.080    -9.267
   17   -23.821    -9.141
   18   -23.503    -9.021
   19   -23.285    -8.881
   20   -23.004    -8.782
   21   -22.736    -8.659
   22   -22.462    -8.541
   23   -22.251    -8.460
   24   -22.058    -8.354
   25   -21.854    -8.262
   26   -21.661    -8.174
   27   -21.471    -8.093
   28   -21.271    -8.005
   29   -21.082    -7.919
   30   -20.925    -7.838
   31   -20.752    -7.753
   32   -20.575    -7.688
   33   -20.413    -7.619
   34   -20.264    -7.552
   35   -20.126    -7.479
   36   -19.998    -7.408
   37   -19.866    -7.358
   38   -19.720    -7.290
   39   -19.569    -7.226
   40   -19.454    -7.157
   41   -19.339    -7.093
   42   -19.208    -7.044
   43   -19.085    -6.979
   44   -18.970    -6.915
   45   -18.844    -6.856
   46   -18.724    -6.807
   47   -18.599    -6.759
   48   -18.471    -6.703
   49   -18.357    -6.663
   50   -18.236    -6.614
   51   -18.146    -6.566
   52   -18.038    -6.529
   53   -17.921    -6.490
   54   -17.816    -6.446
   55   -17.711    -6.404
   56   -17.605    -6.367
   57   -17.521    -6.334
   58   -17.431    -6.294
   59   -17.335    -6.258
   60   -17.249    -6.216
   61   -17.128    -6.164
   62   -17.035    -6.126
   63   -16.943    -6.084
   64   -16.856    -6.047
   65   -16.777    -6.012
   66   -16.683    -5.970
   67   -16.604    -5.932
   68   -16.508    -5.894
   69   -16.425    -5.860
   70   -16.345    -5.826
   71   -16.273    -5.796
   72   -16.189    -5.759
   73   -16.119    -5.727
   74   -16.041    -5.690
   75   -15.967    -5.662
   76   -15.893    -5.631
   77   -15.825    -5.604
   78   -15.739    -5.570
   79   -15.665    -5.539
   80   -15.599    -5.507
   81   -15.531    -5.476
   82   -15.463    -5.450
   83   -15.384    -5.418
   84   -15.320    -5.388
   85   -15.243    -5.360
   86   -15.180    -5.327
   87   -15.112    -5.300
   88   -15.024    -5.272
   89   -14.964    -5.246
   90   -14.906    -5.222
   91   -14.836    -5.193
   92   -14.768    -5.172
   93   -14.695    -5.148
   94   -14.633    -5.117
   95   -14.578    -5.092
   96   -14.508    -5.068
   97   -14.454    -5.040
   98   -14.390    -5.020
   99   -14.316    -4.997
  100   -14.256    -4.971
  101   -14.200    -4.947
  102   -14.142    -4.919
  103   -14.089    -4.896
  104   -14.034    -4.873
  105   -13.987    -4.849
  106   -13.934    -4.826
  107   -13.887    -4.804
  108   -13.833    -4.780
  109   -13.770    -4.758
  110   -13.717    -4.731
  111   -13.665    -4.705
  112   -13.610    -4.680
  113   -13.555    -4.655
  114   -13.499    -4.632
  115   -13.459    -4.608
  116   -13.412    -4.585
  117   -13.363    -4.566
  118   -13.303    -4.543
  119   -13.255    -4.517
  120   -13.208    -4.490
  121   -13.147    -4.469
  122   -13.104    -4.446
  123   -13.059    -4.423
  124   -12.997    -4.399
  125   -12.947    -4.370
  126   -12.895    -4.352
  127   -12.851    -4.328
  128   -12.803    -4.302
  129   -12.754    -4.280
  130   -12.708    -4.257
  131   -12.656    -4.239
  132   -12.604    -4.218
  133   -12.559    -4.194
  134   -12.509    -4.174
  135   -12.464    -4.155
  136   -12.422    -4.138
  137   -12.374    -4.117
  138   -12.310    -4.100
  139   -12.269    -4.080
  140   -12.220    -4.062
  141   -12.174    -4.041
  142   -12.133    -4.025
  143   -12.091    -4.006
  144   -12.036    -3.992
  145   -11.995    -3.975
  146   -11.955    -3.954
  147   -11.908    -3.933
  148   -11.861    -3.916
  149   -11.818    -3.898
  150   -11.776    -3.880
  151   -11.739    -3.860
  152   -11.694    -3.840
  153   -11.654    -3.820
  154   -11.602    -3.803
  155   -11.561    -3.787
  156   -11.513    -3.768
  157   -11.476    -3.748
  158   -11.427    -3.729
  159   -11.381    -3.711
  160   -11.335    -3.692
  161   -11.294    -3.676
  162   -11.249    -3.658
  163   -11.214    -3.642
  164   -11.163    -3.623
  165   -11.111    -3.604
  166   -11.061    -3.585
  167   -11.022    -3.568
  168   -10.982    -3.552
  169   -10.945    -3.538
  170   -10.903    -3.522
  171   -10.866    -3.502
  172   -10.822    -3.484
  173   -10.779    -3.469
  174   -10.736    -3.451
  175   -10.697    -3.437
  176   -10.658    -3.421
  177   -10.614    -3.403
  178   -10.575    -3.389
  179   -10.538    -3.372
  180   -10.497    -3.353
  181   -10.450    -3.337
  182   -10.405    -3.320
  183   -10.368    -3.304
  184   -10.336    -3.290
  185   -10.293    -3.269
  186   -10.254    -3.251
  187   -10.221    -3.233
  188   -10.179    -3.216
  189   -10.139    -3.200
  190   -10.109    -3.183
  191   -10.073    -3.166
  192   -10.032    -3.149
  193    -9.996    -3.134
  194    -9.955    -3.120
  195    -9.917    -3.101
  196    -9.876    -3.085
  197    -9.845    -3.070
  198    -9.807    -3.053
  199    -9.764    -3.039
  200    -9.729    -3.025
  201    -9.691    -3.006
  202    -9.652    -2.992
  203    -9.614    -2.975
  204    -9.573    -2.960
  205    -9.543    -2.941
  206    -9.507    -2.925
  207    -9.473    -2.912
  208    -9.438    -2.897
  209    -9.402    -2.883
  210    -9.367    -2.866
  211    -9.333    -2.851
  212    -9.301    -2.836
  213    -9.264    -2.822
  214    -9.238    -2.809
  215    -9.197    -2.794
  216    -9.156    -2.776
  217    -9.118    -2.760
  218    -9.086    -2.745
  219    -9.046    -2.731
  220    -9.012    -2.714
  221    -8.974    -2.700
  222    -8.939    -2.686
  223    -8.907    -2.668
  224    -8.873    -2.654
  225    -8.834    -2.637
  226    -8.796    -2.623
  227    -8.768    -2.606
  228    -8.728    -2.590
  229    -8.701    -2.577
  230    -8.666    -2.562
  231    -8.627    -2.545
  232    -8.596    -2.530
  233    -8.559    -2.513
  234    -8.525    -2.493
  235    -8.492    -2.477
  236    -8.464    -2.463
  237    -8.436    -2.446
  238    -8.404    -2.430
  239    -8.375    -2.418
  240    -8.333    -2.402
  241    -8.299    -2.387
  242    -8.266    -2.371
  243    -8.227    -2.358
  244    -8.193    -2.345
  245    -8.151    -2.329
  246    -8.117    -2.313
  247    -8.078    -2.299
  248    -8.040    -2.281
  249    -8.005    -2.269
  250    -7.972    -2.252
  251    -7.940    -2.236
  252    -7.912    -2.221
  253    -7.874    -2.208
  254    -7.838    -2.192
  255    -7.803    -2.176
  256    -7.757    -2.162
  257    -7.722    -2.145
  258    -7.687    -2.132
  259    -7.648    -2.115
  260    -7.620    -2.102
  261    -7.591    -2.086
  262    -7.559    -2.072
  263    -7.524    -2.056
  264    -7.486    -2.036
  265    -7.450    -2.020
  266    -7.419    -2.005
  267    -7.377    -1.988
  268    -7.343    -1.970
  269    -7.302    -1.954
  270    -7.270    -1.936
  271    -7.233    -1.923
  272    -7.205    -1.909
  273    -7.174    -1.894
  274    -7.137    -1.877
  275    -7.111    -1.863
  276    -7.075    -1.850
  277    -7.046    -1.836
  278    -7.014    -1.820
  279    -6.985    -1.806
  280    -6.951    -1.792
  281    -6.921    -1.777
  282    -6.891    -1.761
  283    -6.855    -1.745
  284    -6.816    -1.727
  285    -6.783    -1.710
  286    -6.739    -1.694
  287    -6.705    -1.677
  288    -6.674    -1.664
  289    -6.636    -1.651
  290    -6.596    -1.635
  291    -6.565    -1.619
  292    -6.532    -1.603
  293    -6.502    -1.589
  294    -6.472    -1.574
  295    -6.436    -1.559
  296    -6.400    -1.543
  297    -6.371    -1.527
  298    -6.338    -1.510
  299    -6.300    -1.493
  300    -6.271    -1.477
  301    -6.239    -1.460
  302    -6.206    -1.442
  303    -6.162    -1.428
  304    -6.130    -1.414
  305    -6.091    -1.396
  306    -6.061    -1.379
  307    -6.030    -1.364
  308    -5.994    -1.350
  309    -5.951    -1.330
  310    -5.925    -1.312
  311    -5.893    -1.295
  312    -5.862    -1.281
  313    -5.827    -1.263
  314    -5.789    -1.242
  315    -5.750    -1.224
  316    -5.712    -1.206
  317    -5.669    -1.189
  318    -5.640    -1.170
  319    -5.607    -1.154
  320    -5.571    -1.138
  321    -5.539    -1.119
  322    -5.504    -1.100
  323    -5.474    -1.081
  324    -5.438    -1.061
  325    -5.402    -1.044
  326    -5.366    -1.028
  327    -5.331    -1.008
  328    -5.299     -.986
  329    -5.260     -.969
  330    -5.228     -.951
  331    -5.189     -.935
  332    -5.153     -.918
  333    -5.113     -.895
  334    -5.075     -.874
  335    -5.032     -.855
  336    -5.002     -.832
  337    -4.966     -.816
  338    -4.932     -.797
  339    -4.892     -.776
  340    -4.855     -.757
  341    -4.820     -.736
  342    -4.784     -.712
  343    -4.746     -.689
  344    -4.706     -.667
  345    -4.666     -.645
  346    -4.629     -.622
  347    -4.588     -.602
  348    -4.558     -.583
  349    -4.515     -.560
  350    -4.472     -.540
  351    -4.428     -.519
  352    -4.389     -.496
  353    -4.347     -.475
  354    -4.301     -.448
  355    -4.257     -.423
  356    -4.215     -.397
  357    -4.172     -.371
  358    -4.126     -.344
  359    -4.087     -.320
  360    -4.045     -.294
  361    -4.006     -.274
  362    -3.972     -.253
  363    -3.921     -.227
  364    -3.890     -.198
  365    -3.838     -.168
  366    -3.794     -.133
  367    -3.745     -.108
  368    -3.700     -.082
  369    -3.653     -.054
  370    -3.604     -.025
  371    -3.555      .002
  372    -3.522      .035
  373    -3.464      .066
  374    -3.410      .102
  375    -3.368      .134
  376    -3.313      .174
  377    -3.255      .209
  378    -3.196      .256
  379    -3.144      .294
  380    -3.095      .332
  381    -3.030      .371
  382    -2.957      .417
  383    -2.895      .460
  384    -2.832      .514
  385    -2.781      .567
  386    -2.713      .616
  387    -2.647      .670
  388    -2.571      .738
  389    -2.488      .803
  390    -2.398      .876
  391    -2.287      .944
  392    -2.194     1.025
  393    -2.096     1.107
  394    -1.968     1.212
  395    -1.854     1.322
  396    -1.702     1.468
  397    -1.539     1.660
  398    -1.309     1.937
  399     -.931     2.329
