    1   -56.015   -31.269   -17.389
    2   -52.294   -28.985   -16.380
    3   -50.240   -28.065   -15.696
    4   -48.735   -27.094   -15.179
    5   -47.538   -26.478   -14.773
    6   -46.525   -25.974   -14.441
    7   -45.613   -25.526   -14.111
    8   -44.732   -25.138   -13.847
    9   -43.998   -24.711   -13.633
   10   -43.467   -24.320   -13.387
   11   -42.763   -24.055   -13.215
   12   -42.232   -23.763   -13.058
   13   -41.763   -23.505   -12.907
   14   -41.209   -23.292   -12.796
   15   -40.774   -23.076   -12.687
   16   -40.407   -22.890   -12.553
   17   -40.035   -22.706   -12.433
   18   -39.676   -22.470   -12.321
   19   -39.333   -22.286   -12.232
   20   -39.037   -22.115   -12.136
   21   -38.752   -21.978   -12.017
   22   -38.477   -21.775   -11.919
   23   -38.186   -21.590   -11.836
   24   -37.978   -21.425   -11.740
   25   -37.736   -21.301   -11.652
   26   -37.448   -21.158   -11.574
   27   -37.192   -21.012   -11.506
   28   -36.958   -20.872   -11.430
   29   -36.714   -20.759   -11.365
   30   -36.499   -20.627   -11.289
   31   -36.303   -20.509   -11.222
   32   -36.088   -20.380   -11.161
   33   -35.897   -20.251   -11.099
   34   -35.704   -20.118   -11.034
   35   -35.485   -20.014   -10.963
   36   -35.336   -19.899   -10.881
   37   -35.160   -19.787   -10.816
   38   -34.987   -19.693   -10.753
   39   -34.812   -19.594   -10.702
   40   -34.646   -19.492   -10.651
   41   -34.453   -19.385   -10.598
   42   -34.324   -19.274   -10.534
   43   -34.164   -19.182   -10.486
   44   -34.004   -19.072   -10.430
   45   -33.872   -18.987   -10.387
   46   -33.719   -18.887   -10.332
   47   -33.572   -18.779   -10.292
   48   -33.400   -18.679   -10.248
   49   -33.242   -18.593   -10.193
   50   -33.082   -18.500   -10.140
   51   -32.962   -18.415   -10.097
   52   -32.824   -18.340   -10.055
   53   -32.687   -18.254   -10.015
   54   -32.560   -18.195    -9.965
   55   -32.420   -18.115    -9.917
   56   -32.320   -18.024    -9.872
   57   -32.182   -17.955    -9.835
   58   -32.052   -17.896    -9.795
   59   -31.923   -17.834    -9.751
   60   -31.792   -17.757    -9.719
   61   -31.665   -17.685    -9.684
   62   -31.543   -17.602    -9.647
   63   -31.428   -17.538    -9.605
   64   -31.316   -17.473    -9.566
   65   -31.220   -17.411    -9.526
   66   -31.117   -17.346    -9.484
   67   -31.019   -17.271    -9.457
   68   -30.906   -17.209    -9.419
   69   -30.785   -17.146    -9.374
   70   -30.689   -17.082    -9.335
   71   -30.591   -17.019    -9.305
   72   -30.500   -16.944    -9.268
   73   -30.397   -16.875    -9.235
   74   -30.286   -16.818    -9.196
   75   -30.181   -16.754    -9.163
   76   -30.051   -16.698    -9.130
   77   -29.946   -16.628    -9.089
   78   -29.834   -16.570    -9.058
   79   -29.738   -16.497    -9.028
   80   -29.655   -16.444    -8.995
   81   -29.575   -16.391    -8.964
   82   -29.478   -16.334    -8.936
   83   -29.383   -16.268    -8.903
   84   -29.267   -16.219    -8.872
   85   -29.176   -16.162    -8.834
   86   -29.082   -16.113    -8.805
   87   -28.992   -16.063    -8.777
   88   -28.923   -16.000    -8.747
   89   -28.820   -15.945    -8.716
   90   -28.719   -15.890    -8.682
   91   -28.627   -15.842    -8.654
   92   -28.544   -15.795    -8.622
   93   -28.468   -15.741    -8.595
   94   -28.374   -15.692    -8.562
   95   -28.280   -15.636    -8.538
   96   -28.204   -15.591    -8.509
   97   -28.124   -15.546    -8.478
   98   -28.046   -15.502    -8.451
   99   -27.965   -15.450    -8.426
  100   -27.899   -15.400    -8.394
  101   -27.821   -15.343    -8.370
  102   -27.736   -15.297    -8.350
  103   -27.661   -15.241    -8.322
  104   -27.588   -15.182    -8.291
  105   -27.504   -15.123    -8.267
  106   -27.429   -15.070    -8.243
  107   -27.353   -15.022    -8.220
  108   -27.282   -14.981    -8.189
  109   -27.209   -14.941    -8.165
  110   -27.117   -14.899    -8.140
  111   -27.040   -14.846    -8.115
  112   -26.973   -14.803    -8.090
  113   -26.890   -14.759    -8.069
  114   -26.817   -14.713    -8.042
  115   -26.732   -14.671    -8.015
  116   -26.667   -14.621    -7.989
  117   -26.599   -14.569    -7.961
  118   -26.527   -14.531    -7.936
  119   -26.442   -14.493    -7.913
  120   -26.378   -14.444    -7.890
  121   -26.304   -14.402    -7.861
  122   -26.215   -14.357    -7.838
  123   -26.129   -14.313    -7.806
  124   -26.069   -14.267    -7.784
  125   -25.999   -14.221    -7.759
  126   -25.922   -14.171    -7.732
  127   -25.857   -14.129    -7.709
  128   -25.792   -14.092    -7.681
  129   -25.728   -14.050    -7.658
  130   -25.659   -14.009    -7.639
  131   -25.584   -13.963    -7.619
  132   -25.515   -13.925    -7.593
  133   -25.451   -13.878    -7.568
  134   -25.378   -13.836    -7.544
  135   -25.306   -13.788    -7.527
  136   -25.253   -13.743    -7.504
  137   -25.182   -13.701    -7.478
  138   -25.120   -13.654    -7.455
  139   -25.052   -13.605    -7.430
  140   -24.982   -13.559    -7.406
  141   -24.923   -13.516    -7.386
  142   -24.853   -13.470    -7.362
  143   -24.785   -13.427    -7.343
  144   -24.720   -13.387    -7.321
  145   -24.651   -13.344    -7.295
  146   -24.599   -13.311    -7.275
  147   -24.522   -13.268    -7.252
  148   -24.434   -13.231    -7.232
  149   -24.370   -13.187    -7.210
  150   -24.309   -13.151    -7.190
  151   -24.252   -13.115    -7.170
  152   -24.176   -13.079    -7.147
  153   -24.120   -13.042    -7.124
  154   -24.058   -12.999    -7.102
  155   -24.006   -12.959    -7.084
  156   -23.948   -12.914    -7.065
  157   -23.885   -12.876    -7.042
  158   -23.823   -12.839    -7.017
  159   -23.769   -12.801    -6.994
  160   -23.706   -12.768    -6.973
  161   -23.644   -12.723    -6.951
  162   -23.572   -12.691    -6.932
  163   -23.509   -12.650    -6.914
  164   -23.455   -12.610    -6.894
  165   -23.392   -12.571    -6.870
  166   -23.333   -12.532    -6.851
  167   -23.280   -12.497    -6.832
  168   -23.213   -12.462    -6.814
  169   -23.166   -12.423    -6.795
  170   -23.114   -12.389    -6.774
  171   -23.055   -12.350    -6.756
  172   -22.982   -12.311    -6.739
  173   -22.926   -12.273    -6.717
  174   -22.881   -12.237    -6.700
  175   -22.821   -12.199    -6.679
  176   -22.759   -12.158    -6.655
  177   -22.706   -12.118    -6.635
  178   -22.643   -12.077    -6.618
  179   -22.584   -12.034    -6.594
  180   -22.521   -11.997    -6.571
  181   -22.458   -11.962    -6.552
  182   -22.395   -11.919    -6.534
  183   -22.339   -11.889    -6.513
  184   -22.283   -11.840    -6.491
  185   -22.227   -11.809    -6.473
  186   -22.173   -11.765    -6.455
  187   -22.113   -11.732    -6.433
  188   -22.062   -11.695    -6.415
  189   -22.012   -11.656    -6.394
  190   -21.958   -11.614    -6.373
  191   -21.907   -11.583    -6.355
  192   -21.843   -11.560    -6.332
  193   -21.790   -11.525    -6.313
  194   -21.749   -11.498    -6.294
  195   -21.699   -11.454    -6.272
  196   -21.631   -11.418    -6.251
  197   -21.571   -11.383    -6.233
  198   -21.525   -11.344    -6.216
  199   -21.473   -11.310    -6.196
  200   -21.433   -11.275    -6.181
  201   -21.384   -11.239    -6.166
  202   -21.320   -11.202    -6.144
  203   -21.259   -11.162    -6.126
  204   -21.203   -11.128    -6.107
  205   -21.145   -11.096    -6.089
  206   -21.088   -11.070    -6.072
  207   -21.036   -11.031    -6.052
  208   -20.967   -10.998    -6.031
  209   -20.923   -10.962    -6.011
  210   -20.850   -10.926    -5.999
  211   -20.793   -10.888    -5.974
  212   -20.748   -10.849    -5.951
  213   -20.694   -10.815    -5.934
  214   -20.643   -10.788    -5.913
  215   -20.593   -10.758    -5.891
  216   -20.539   -10.722    -5.870
  217   -20.490   -10.692    -5.848
  218   -20.439   -10.660    -5.829
  219   -20.377   -10.625    -5.806
  220   -20.325   -10.589    -5.790
  221   -20.269   -10.557    -5.770
  222   -20.219   -10.527    -5.752
  223   -20.159   -10.500    -5.734
  224   -20.100   -10.466    -5.717
  225   -20.044   -10.437    -5.699
  226   -20.006   -10.400    -5.677
  227   -19.944   -10.368    -5.661
  228   -19.896   -10.332    -5.641
  229   -19.840   -10.303    -5.623
  230   -19.791   -10.275    -5.605
  231   -19.741   -10.249    -5.581
  232   -19.684   -10.216    -5.565
  233   -19.640   -10.190    -5.541
  234   -19.582   -10.162    -5.522
  235   -19.531   -10.124    -5.505
  236   -19.470   -10.089    -5.481
  237   -19.422   -10.058    -5.463
  238   -19.369   -10.031    -5.442
  239   -19.307   -10.000    -5.424
  240   -19.242    -9.968    -5.403
  241   -19.195    -9.938    -5.383
  242   -19.124    -9.907    -5.363
  243   -19.056    -9.865    -5.344
  244   -18.999    -9.834    -5.326
  245   -18.940    -9.801    -5.309
  246   -18.894    -9.769    -5.289
  247   -18.839    -9.739    -5.269
  248   -18.789    -9.708    -5.247
  249   -18.744    -9.677    -5.228
  250   -18.681    -9.639    -5.206
  251   -18.632    -9.610    -5.189
  252   -18.585    -9.579    -5.167
  253   -18.536    -9.548    -5.149
  254   -18.490    -9.516    -5.130
  255   -18.441    -9.483    -5.110
  256   -18.393    -9.457    -5.091
  257   -18.344    -9.426    -5.071
  258   -18.292    -9.387    -5.051
  259   -18.252    -9.357    -5.031
  260   -18.206    -9.323    -5.015
  261   -18.160    -9.294    -4.993
  262   -18.092    -9.267    -4.978
  263   -18.038    -9.237    -4.959
  264   -17.993    -9.206    -4.941
  265   -17.944    -9.171    -4.923
  266   -17.892    -9.138    -4.902
  267   -17.849    -9.099    -4.885
  268   -17.812    -9.064    -4.866
  269   -17.753    -9.036    -4.844
  270   -17.699    -9.008    -4.824
  271   -17.638    -8.973    -4.804
  272   -17.580    -8.948    -4.784
  273   -17.529    -8.912    -4.764
  274   -17.481    -8.878    -4.740
  275   -17.433    -8.846    -4.720
  276   -17.383    -8.807    -4.698
  277   -17.335    -8.785    -4.680
  278   -17.285    -8.750    -4.661
  279   -17.231    -8.715    -4.640
  280   -17.186    -8.680    -4.618
  281   -17.135    -8.648    -4.594
  282   -17.080    -8.616    -4.572
  283   -17.033    -8.580    -4.549
  284   -16.973    -8.549    -4.530
  285   -16.928    -8.521    -4.510
  286   -16.870    -8.486    -4.489
  287   -16.810    -8.453    -4.470
  288   -16.763    -8.426    -4.449
  289   -16.706    -8.389    -4.428
  290   -16.652    -8.361    -4.409
  291   -16.601    -8.330    -4.387
  292   -16.543    -8.292    -4.366
  293   -16.491    -8.264    -4.346
  294   -16.436    -8.237    -4.322
  295   -16.389    -8.205    -4.301
  296   -16.340    -8.173    -4.278
  297   -16.287    -8.143    -4.253
  298   -16.233    -8.114    -4.235
  299   -16.161    -8.082    -4.207
  300   -16.111    -8.056    -4.183
  301   -16.050    -8.030    -4.162
  302   -15.986    -7.999    -4.140
  303   -15.927    -7.963    -4.115
  304   -15.874    -7.934    -4.090
  305   -15.817    -7.903    -4.068
  306   -15.758    -7.869    -4.047
  307   -15.705    -7.827    -4.026
  308   -15.640    -7.793    -4.007
  309   -15.590    -7.756    -3.983
  310   -15.546    -7.721    -3.960
  311   -15.484    -7.685    -3.934
  312   -15.436    -7.655    -3.909
  313   -15.389    -7.629    -3.889
  314   -15.329    -7.591    -3.868
  315   -15.278    -7.556    -3.848
  316   -15.215    -7.527    -3.820
  317   -15.159    -7.495    -3.794
  318   -15.093    -7.461    -3.773
  319   -15.043    -7.424    -3.752
  320   -14.989    -7.387    -3.723
  321   -14.934    -7.349    -3.698
  322   -14.873    -7.312    -3.674
  323   -14.819    -7.276    -3.653
  324   -14.775    -7.244    -3.632
  325   -14.712    -7.214    -3.607
  326   -14.637    -7.184    -3.577
  327   -14.569    -7.148    -3.551
  328   -14.508    -7.107    -3.527
  329   -14.465    -7.074    -3.500
  330   -14.405    -7.044    -3.468
  331   -14.351    -7.008    -3.445
  332   -14.287    -6.971    -3.418
  333   -14.229    -6.934    -3.388
  334   -14.158    -6.900    -3.364
  335   -14.105    -6.866    -3.332
  336   -14.050    -6.834    -3.301
  337   -13.991    -6.801    -3.275
  338   -13.940    -6.771    -3.245
  339   -13.886    -6.741    -3.218
  340   -13.809    -6.705    -3.187
  341   -13.748    -6.671    -3.160
  342   -13.680    -6.636    -3.131
  343   -13.610    -6.604    -3.102
  344   -13.541    -6.564    -3.069
  345   -13.480    -6.532    -3.040
  346   -13.408    -6.490    -3.010
  347   -13.347    -6.458    -2.978
  348   -13.281    -6.424    -2.944
  349   -13.211    -6.381    -2.909
  350   -13.134    -6.339    -2.876
  351   -13.067    -6.303    -2.847
  352   -13.006    -6.254    -2.816
  353   -12.941    -6.221    -2.777
  354   -12.875    -6.181    -2.739
  355   -12.809    -6.146    -2.701
  356   -12.727    -6.106    -2.673
  357   -12.655    -6.070    -2.629
  358   -12.600    -6.029    -2.592
  359   -12.546    -5.983    -2.554
  360   -12.463    -5.936    -2.523
  361   -12.400    -5.894    -2.488
  362   -12.329    -5.843    -2.452
  363   -12.254    -5.797    -2.416
  364   -12.172    -5.753    -2.377
  365   -12.097    -5.711    -2.338
  366   -12.014    -5.662    -2.298
  367   -11.934    -5.609    -2.255
  368   -11.841    -5.561    -2.205
  369   -11.763    -5.512    -2.162
  370   -11.685    -5.450    -2.112
  371   -11.604    -5.403    -2.068
  372   -11.538    -5.352    -2.024
  373   -11.437    -5.303    -1.967
  374   -11.331    -5.241    -1.916
  375   -11.236    -5.188    -1.860
  376   -11.110    -5.131    -1.806
  377   -11.016    -5.071    -1.752
  378   -10.912    -5.006    -1.692
  379   -10.804    -4.953    -1.623
  380   -10.713    -4.908    -1.553
  381   -10.605    -4.846    -1.490
  382   -10.514    -4.791    -1.423
  383   -10.386    -4.705    -1.358
  384   -10.263    -4.652    -1.291
  385   -10.178    -4.572    -1.211
  386   -10.051    -4.489    -1.132
  387    -9.927    -4.409    -1.049
  388    -9.776    -4.326     -.955
  389    -9.649    -4.222     -.853
  390    -9.486    -4.137     -.748
  391    -9.323    -4.052     -.649
  392    -9.138    -3.929     -.541
  393    -8.972    -3.815     -.403
  394    -8.751    -3.699     -.262
  395    -8.510    -3.544     -.074
  396    -8.237    -3.403      .137
  397    -7.912    -3.187      .415
  398    -7.455    -2.954      .774
  399    -6.838    -2.552     1.489
