    1   -46.127   -22.731
    2   -42.524   -20.947
    3   -40.357   -19.879
    4   -39.213   -19.110
    5   -38.166   -18.549
    6   -37.284   -18.183
    7   -36.577   -17.825
    8   -35.786   -17.423
    9   -35.148   -17.099
   10   -34.591   -16.801
   11   -34.093   -16.545
   12   -33.635   -16.336
   13   -33.239   -16.134
   14   -32.891   -15.912
   15   -32.411   -15.716
   16   -32.075   -15.537
   17   -31.749   -15.375
   18   -31.419   -15.223
   19   -31.151   -15.081
   20   -30.824   -14.924
   21   -30.507   -14.767
   22   -30.254   -14.625
   23   -30.002   -14.483
   24   -29.702   -14.372
   25   -29.443   -14.253
   26   -29.259   -14.140
   27   -29.029   -14.011
   28   -28.838   -13.898
   29   -28.652   -13.785
   30   -28.417   -13.673
   31   -28.244   -13.579
   32   -28.046   -13.472
   33   -27.881   -13.380
   34   -27.654   -13.311
   35   -27.472   -13.221
   36   -27.288   -13.128
   37   -27.157   -13.042
   38   -27.007   -12.972
   39   -26.868   -12.901
   40   -26.717   -12.851
   41   -26.572   -12.775
   42   -26.449   -12.691
   43   -26.311   -12.622
   44   -26.151   -12.554
   45   -25.996   -12.486
   46   -25.867   -12.426
   47   -25.742   -12.364
   48   -25.618   -12.301
   49   -25.503   -12.232
   50   -25.389   -12.172
   51   -25.277   -12.108
   52   -25.157   -12.059
   53   -25.045   -11.994
   54   -24.908   -11.945
   55   -24.772   -11.879
   56   -24.639   -11.822
   57   -24.539   -11.764
   58   -24.442   -11.693
   59   -24.348   -11.633
   60   -24.250   -11.576
   61   -24.121   -11.526
   62   -24.016   -11.473
   63   -23.908   -11.427
   64   -23.797   -11.376
   65   -23.688   -11.330
   66   -23.605   -11.287
   67   -23.524   -11.240
   68   -23.441   -11.193
   69   -23.354   -11.151
   70   -23.237   -11.099
   71   -23.142   -11.058
   72   -23.045   -10.993
   73   -22.959   -10.955
   74   -22.854   -10.911
   75   -22.762   -10.859
   76   -22.642   -10.818
   77   -22.555   -10.773
   78   -22.469   -10.736
   79   -22.409   -10.684
   80   -22.333   -10.637
   81   -22.261   -10.596
   82   -22.166   -10.553
   83   -22.076   -10.508
   84   -22.010   -10.457
   85   -21.916   -10.416
   86   -21.822   -10.374
   87   -21.728   -10.338
   88   -21.659   -10.293
   89   -21.573   -10.249
   90   -21.498   -10.201
   91   -21.420   -10.174
   92   -21.333   -10.140
   93   -21.265   -10.107
   94   -21.189   -10.074
   95   -21.109   -10.040
   96   -21.029    -9.997
   97   -20.958    -9.964
   98   -20.874    -9.921
   99   -20.802    -9.890
  100   -20.713    -9.855
  101   -20.644    -9.816
  102   -20.566    -9.782
  103   -20.495    -9.746
  104   -20.402    -9.717
  105   -20.351    -9.684
  106   -20.287    -9.655
  107   -20.217    -9.613
  108   -20.145    -9.585
  109   -20.065    -9.553
  110   -20.000    -9.524
  111   -19.937    -9.486
  112   -19.871    -9.452
  113   -19.807    -9.417
  114   -19.742    -9.388
  115   -19.679    -9.357
  116   -19.621    -9.327
  117   -19.561    -9.295
  118   -19.510    -9.260
  119   -19.447    -9.230
  120   -19.374    -9.198
  121   -19.302    -9.169
  122   -19.234    -9.139
  123   -19.168    -9.107
  124   -19.108    -9.078
  125   -19.041    -9.048
  126   -18.977    -9.014
  127   -18.923    -8.985
  128   -18.853    -8.950
  129   -18.772    -8.923
  130   -18.704    -8.886
  131   -18.655    -8.858
  132   -18.590    -8.820
  133   -18.529    -8.788
  134   -18.472    -8.760
  135   -18.425    -8.732
  136   -18.368    -8.704
  137   -18.309    -8.680
  138   -18.246    -8.654
  139   -18.194    -8.624
  140   -18.134    -8.591
  141   -18.088    -8.562
  142   -18.030    -8.531
  143   -17.975    -8.503
  144   -17.923    -8.473
  145   -17.863    -8.450
  146   -17.809    -8.424
  147   -17.762    -8.398
  148   -17.700    -8.371
  149   -17.642    -8.341
  150   -17.585    -8.314
  151   -17.534    -8.288
  152   -17.474    -8.261
  153   -17.410    -8.234
  154   -17.352    -8.211
  155   -17.299    -8.187
  156   -17.243    -8.163
  157   -17.183    -8.133
  158   -17.145    -8.104
  159   -17.097    -8.073
  160   -17.048    -8.047
  161   -16.999    -8.020
  162   -16.951    -7.989
  163   -16.903    -7.966
  164   -16.854    -7.939
  165   -16.803    -7.916
  166   -16.745    -7.889
  167   -16.695    -7.861
  168   -16.639    -7.836
  169   -16.587    -7.808
  170   -16.535    -7.782
  171   -16.492    -7.757
  172   -16.434    -7.729
  173   -16.387    -7.706
  174   -16.345    -7.676
  175   -16.297    -7.655
  176   -16.253    -7.630
  177   -16.200    -7.612
  178   -16.145    -7.582
  179   -16.093    -7.558
  180   -16.031    -7.537
  181   -15.977    -7.509
  182   -15.919    -7.483
  183   -15.878    -7.457
  184   -15.837    -7.434
  185   -15.792    -7.407
  186   -15.748    -7.382
  187   -15.703    -7.353
  188   -15.661    -7.332
  189   -15.608    -7.306
  190   -15.558    -7.279
  191   -15.510    -7.258
  192   -15.464    -7.236
  193   -15.417    -7.211
  194   -15.372    -7.186
  195   -15.317    -7.161
  196   -15.267    -7.135
  197   -15.213    -7.116
  198   -15.149    -7.087
  199   -15.102    -7.070
  200   -15.055    -7.044
  201   -15.012    -7.021
  202   -14.968    -6.998
  203   -14.927    -6.967
  204   -14.885    -6.943
  205   -14.835    -6.918
  206   -14.789    -6.897
  207   -14.730    -6.879
  208   -14.685    -6.860
  209   -14.640    -6.841
  210   -14.582    -6.819
  211   -14.531    -6.793
  212   -14.483    -6.773
  213   -14.439    -6.745
  214   -14.401    -6.723
  215   -14.364    -6.695
  216   -14.320    -6.668
  217   -14.280    -6.644
  218   -14.236    -6.621
  219   -14.193    -6.602
  220   -14.147    -6.581
  221   -14.091    -6.556
  222   -14.049    -6.534
  223   -14.012    -6.512
  224   -13.972    -6.489
  225   -13.930    -6.467
  226   -13.885    -6.446
  227   -13.843    -6.426
  228   -13.793    -6.402
  229   -13.743    -6.381
  230   -13.701    -6.359
  231   -13.642    -6.338
  232   -13.594    -6.312
  233   -13.539    -6.287
  234   -13.484    -6.263
  235   -13.437    -6.241
  236   -13.384    -6.220
  237   -13.344    -6.200
  238   -13.310    -6.177
  239   -13.274    -6.153
  240   -13.235    -6.132
  241   -13.193    -6.110
  242   -13.149    -6.084
  243   -13.106    -6.063
  244   -13.052    -6.042
  245   -13.008    -6.023
  246   -12.968    -6.004
  247   -12.925    -5.976
  248   -12.890    -5.954
  249   -12.855    -5.929
  250   -12.817    -5.909
  251   -12.773    -5.881
  252   -12.722    -5.857
  253   -12.685    -5.832
  254   -12.629    -5.807
  255   -12.589    -5.784
  256   -12.542    -5.765
  257   -12.496    -5.740
  258   -12.453    -5.716
  259   -12.413    -5.693
  260   -12.372    -5.674
  261   -12.329    -5.654
  262   -12.286    -5.628
  263   -12.239    -5.606
  264   -12.208    -5.586
  265   -12.158    -5.564
  266   -12.117    -5.541
  267   -12.078    -5.521
  268   -12.036    -5.492
  269   -11.989    -5.470
  270   -11.951    -5.442
  271   -11.897    -5.419
  272   -11.853    -5.391
  273   -11.810    -5.372
  274   -11.764    -5.349
  275   -11.711    -5.323
  276   -11.667    -5.299
  277   -11.621    -5.278
  278   -11.577    -5.253
  279   -11.529    -5.229
  280   -11.483    -5.203
  281   -11.436    -5.179
  282   -11.398    -5.153
  283   -11.347    -5.130
  284   -11.302    -5.105
  285   -11.265    -5.081
  286   -11.218    -5.051
  287   -11.181    -5.027
  288   -11.133    -5.006
  289   -11.088    -4.985
  290   -11.041    -4.961
  291   -10.995    -4.941
  292   -10.950    -4.919
  293   -10.905    -4.896
  294   -10.860    -4.873
  295   -10.813    -4.846
  296   -10.774    -4.818
  297   -10.737    -4.792
  298   -10.686    -4.761
  299   -10.642    -4.736
  300   -10.604    -4.715
  301   -10.552    -4.693
  302   -10.510    -4.669
  303   -10.461    -4.643
  304   -10.420    -4.618
  305   -10.367    -4.593
  306   -10.317    -4.568
  307   -10.262    -4.542
  308   -10.211    -4.513
  309   -10.172    -4.487
  310   -10.129    -4.464
  311   -10.085    -4.437
  312   -10.042    -4.411
  313   -10.003    -4.388
  314    -9.951    -4.365
  315    -9.896    -4.340
  316    -9.843    -4.316
  317    -9.799    -4.287
  318    -9.748    -4.262
  319    -9.714    -4.231
  320    -9.674    -4.207
  321    -9.618    -4.178
  322    -9.579    -4.145
  323    -9.531    -4.122
  324    -9.485    -4.094
  325    -9.426    -4.064
  326    -9.372    -4.041
  327    -9.324    -4.017
  328    -9.283    -3.989
  329    -9.236    -3.960
  330    -9.188    -3.936
  331    -9.139    -3.909
  332    -9.090    -3.884
  333    -9.037    -3.848
  334    -8.987    -3.816
  335    -8.943    -3.790
  336    -8.888    -3.756
  337    -8.847    -3.729
  338    -8.799    -3.699
  339    -8.752    -3.662
  340    -8.707    -3.632
  341    -8.666    -3.601
  342    -8.610    -3.563
  343    -8.561    -3.534
  344    -8.509    -3.502
  345    -8.452    -3.472
  346    -8.394    -3.444
  347    -8.338    -3.417
  348    -8.289    -3.384
  349    -8.241    -3.347
  350    -8.186    -3.306
  351    -8.119    -3.275
  352    -8.073    -3.238
  353    -8.011    -3.211
  354    -7.962    -3.171
  355    -7.905    -3.135
  356    -7.854    -3.095
  357    -7.796    -3.057
  358    -7.738    -3.022
  359    -7.688    -2.981
  360    -7.632    -2.940
  361    -7.569    -2.898
  362    -7.513    -2.856
  363    -7.447    -2.815
  364    -7.381    -2.776
  365    -7.321    -2.730
  366    -7.254    -2.696
  367    -7.193    -2.657
  368    -7.120    -2.612
  369    -7.055    -2.566
  370    -6.984    -2.518
  371    -6.915    -2.475
  372    -6.861    -2.421
  373    -6.796    -2.366
  374    -6.724    -2.313
  375    -6.635    -2.262
  376    -6.571    -2.205
  377    -6.493    -2.139
  378    -6.418    -2.086
  379    -6.338    -2.024
  380    -6.253    -1.966
  381    -6.165    -1.895
  382    -6.084    -1.836
  383    -6.009    -1.777
  384    -5.904    -1.701
  385    -5.807    -1.613
  386    -5.702    -1.506
  387    -5.614    -1.427
  388    -5.517    -1.337
  389    -5.386    -1.237
  390    -5.290    -1.134
  391    -5.169     -.990
  392    -5.012     -.866
  393    -4.897     -.735
  394    -4.723     -.597
  395    -4.572     -.436
  396    -4.365     -.243
  397    -4.086      .034
  398    -3.776      .408
  399    -3.309     1.064
