    1   -81.254   -54.715   -38.979   -28.246   -19.215   -12.880
    2   -77.457   -52.298   -37.138   -26.828   -18.134   -12.027
    3   -75.162   -50.820   -36.202   -25.827   -17.495   -11.507
    4   -73.235   -49.663   -35.285   -25.110   -16.987   -11.217
    5   -71.770   -48.576   -34.707   -24.595   -16.584   -10.944
    6   -70.576   -47.894   -34.214   -24.257   -16.281   -10.674
    7   -69.498   -47.258   -33.786   -23.902   -16.017   -10.483
    8   -68.582   -46.681   -33.377   -23.606   -15.775   -10.317
    9   -67.810   -46.207   -33.014   -23.341   -15.579   -10.189
   10   -67.061   -45.694   -32.691   -23.131   -15.437   -10.053
   11   -66.538   -45.402   -32.345   -22.908   -15.253    -9.916
   12   -66.080   -44.973   -32.106   -22.669   -15.096    -9.793
   13   -65.503   -44.584   -31.824   -22.413   -14.951    -9.697
   14   -64.984   -44.265   -31.537   -22.226   -14.818    -9.594
   15   -64.515   -43.922   -31.301   -22.080   -14.690    -9.508
   16   -64.070   -43.605   -31.066   -21.928   -14.572    -9.440
   17   -63.642   -43.330   -30.845   -21.789   -14.424    -9.347
   18   -63.196   -43.028   -30.643   -21.624   -14.302    -9.276
   19   -62.748   -42.780   -30.438   -21.467   -14.193    -9.210
   20   -62.364   -42.492   -30.248   -21.337   -14.108    -9.148
   21   -62.020   -42.288   -30.096   -21.209   -14.015    -9.075
   22   -61.616   -42.077   -29.934   -21.093   -13.922    -9.005
   23   -61.288   -41.873   -29.802   -20.974   -13.815    -8.938
   24   -60.912   -41.647   -29.660   -20.861   -13.730    -8.873
   25   -60.614   -41.440   -29.461   -20.739   -13.644    -8.822
   26   -60.357   -41.254   -29.331   -20.635   -13.545    -8.766
   27   -60.090   -41.061   -29.198   -20.512   -13.467    -8.705
   28   -59.802   -40.870   -29.051   -20.403   -13.387    -8.652
   29   -59.538   -40.702   -28.931   -20.280   -13.313    -8.601
   30   -59.295   -40.534   -28.798   -20.202   -13.250    -8.561
   31   -59.046   -40.360   -28.698   -20.102   -13.188    -8.520
   32   -58.796   -40.206   -28.569   -20.026   -13.115    -8.478
   33   -58.504   -40.053   -28.436   -19.947   -13.042    -8.436
   34   -58.282   -39.879   -28.336   -19.849   -12.968    -8.396
   35   -58.052   -39.705   -28.227   -19.753   -12.906    -8.348
   36   -57.760   -39.550   -28.109   -19.681   -12.858    -8.301
   37   -57.494   -39.383   -28.001   -19.589   -12.798    -8.259
   38   -57.303   -39.221   -27.912   -19.511   -12.757    -8.207
   39   -57.127   -39.063   -27.828   -19.422   -12.696    -8.164
   40   -56.845   -38.909   -27.704   -19.322   -12.642    -8.119
   41   -56.670   -38.761   -27.618   -19.248   -12.584    -8.080
   42   -56.444   -38.650   -27.516   -19.178   -12.519    -8.046
   43   -56.238   -38.520   -27.420   -19.102   -12.464    -8.014
   44   -56.074   -38.400   -27.329   -19.022   -12.411    -7.980
   45   -55.908   -38.251   -27.219   -18.959   -12.348    -7.948
   46   -55.679   -38.154   -27.133   -18.885   -12.303    -7.911
   47   -55.483   -38.053   -27.035   -18.828   -12.252    -7.878
   48   -55.296   -37.948   -26.967   -18.768   -12.199    -7.845
   49   -55.107   -37.814   -26.877   -18.701   -12.144    -7.812
   50   -54.926   -37.716   -26.801   -18.643   -12.094    -7.777
   51   -54.732   -37.575   -26.694   -18.576   -12.044    -7.750
   52   -54.566   -37.462   -26.611   -18.519   -11.999    -7.718
   53   -54.420   -37.368   -26.532   -18.462   -11.951    -7.694
   54   -54.230   -37.261   -26.447   -18.389   -11.908    -7.665
   55   -54.048   -37.154   -26.348   -18.332   -11.854    -7.636
   56   -53.917   -37.041   -26.280   -18.279   -11.806    -7.607
   57   -53.704   -36.935   -26.207   -18.220   -11.753    -7.576
   58   -53.557   -36.841   -26.112   -18.162   -11.716    -7.550
   59   -53.409   -36.739   -26.036   -18.102   -11.671    -7.525
   60   -53.247   -36.667   -25.962   -18.046   -11.615    -7.498
   61   -53.118   -36.522   -25.873   -17.999   -11.565    -7.473
   62   -52.954   -36.408   -25.807   -17.944   -11.526    -7.446
   63   -52.838   -36.315   -25.749   -17.899   -11.479    -7.421
   64   -52.702   -36.218   -25.665   -17.847   -11.432    -7.398
   65   -52.563   -36.111   -25.594   -17.784   -11.392    -7.368
   66   -52.418   -36.009   -25.510   -17.733   -11.357    -7.336
   67   -52.279   -35.901   -25.456   -17.684   -11.316    -7.311
   68   -52.142   -35.818   -25.381   -17.638   -11.275    -7.290
   69   -51.991   -35.744   -25.310   -17.588   -11.231    -7.257
   70   -51.870   -35.672   -25.250   -17.541   -11.195    -7.230
   71   -51.729   -35.580   -25.190   -17.493   -11.156    -7.210
   72   -51.627   -35.512   -25.129   -17.449   -11.117    -7.181
   73   -51.469   -35.428   -25.066   -17.398   -11.081    -7.155
   74   -51.349   -35.335   -25.012   -17.343   -11.047    -7.130
   75   -51.200   -35.242   -24.942   -17.287   -11.017    -7.106
   76   -51.086   -35.152   -24.886   -17.245   -10.982    -7.081
   77   -50.986   -35.057   -24.821   -17.191   -10.944    -7.056
   78   -50.876   -34.966   -24.765   -17.148   -10.898    -7.031
   79   -50.745   -34.878   -24.704   -17.108   -10.864    -7.009
   80   -50.613   -34.793   -24.651   -17.062   -10.820    -6.982
   81   -50.453   -34.733   -24.584   -17.019   -10.787    -6.959
   82   -50.347   -34.659   -24.526   -16.980   -10.753    -6.936
   83   -50.222   -34.591   -24.466   -16.936   -10.716    -6.917
   84   -50.106   -34.502   -24.413   -16.890   -10.677    -6.897
   85   -49.970   -34.429   -24.359   -16.851   -10.645    -6.879
   86   -49.850   -34.357   -24.298   -16.810   -10.611    -6.860
   87   -49.749   -34.287   -24.240   -16.761   -10.568    -6.845
   88   -49.625   -34.221   -24.174   -16.711   -10.530    -6.822
   89   -49.512   -34.156   -24.115   -16.672   -10.499    -6.800
   90   -49.388   -34.083   -24.056   -16.623   -10.468    -6.779
   91   -49.278   -34.017   -24.000   -16.573   -10.435    -6.759
   92   -49.179   -33.926   -23.954   -16.528   -10.401    -6.739
   93   -49.060   -33.857   -23.909   -16.483   -10.367    -6.719
   94   -48.958   -33.798   -23.859   -16.440   -10.335    -6.702
   95   -48.869   -33.717   -23.800   -16.406   -10.305    -6.683
   96   -48.777   -33.655   -23.752   -16.365   -10.274    -6.663
   97   -48.685   -33.586   -23.689   -16.320   -10.238    -6.643
   98   -48.587   -33.504   -23.641   -16.278   -10.203    -6.620
   99   -48.475   -33.419   -23.587   -16.234   -10.170    -6.600
  100   -48.351   -33.354   -23.539   -16.196   -10.133    -6.583
  101   -48.254   -33.287   -23.483   -16.148   -10.098    -6.561
  102   -48.150   -33.212   -23.431   -16.108   -10.069    -6.540
  103   -48.014   -33.154   -23.379   -16.073   -10.033    -6.526
  104   -47.928   -33.079   -23.323   -16.035   -10.006    -6.506
  105   -47.836   -33.014   -23.266   -15.997    -9.976    -6.488
  106   -47.746   -32.944   -23.222   -15.961    -9.943    -6.467
  107   -47.652   -32.877   -23.169   -15.926    -9.909    -6.449
  108   -47.513   -32.813   -23.128   -15.889    -9.877    -6.433
  109   -47.406   -32.738   -23.080   -15.854    -9.843    -6.414
  110   -47.307   -32.674   -23.031   -15.818    -9.809    -6.395
  111   -47.228   -32.610   -22.983   -15.782    -9.781    -6.380
  112   -47.134   -32.537   -22.927   -15.743    -9.752    -6.357
  113   -47.024   -32.470   -22.869   -15.712    -9.723    -6.340
  114   -46.903   -32.403   -22.818   -15.673    -9.699    -6.324
  115   -46.806   -32.330   -22.771   -15.637    -9.674    -6.303
  116   -46.721   -32.265   -22.714   -15.604    -9.647    -6.285
  117   -46.633   -32.208   -22.669   -15.570    -9.616    -6.265
  118   -46.545   -32.146   -22.620   -15.533    -9.589    -6.253
  119   -46.472   -32.075   -22.574   -15.493    -9.562    -6.238
  120   -46.385   -32.011   -22.526   -15.456    -9.534    -6.221
  121   -46.291   -31.950   -22.482   -15.418    -9.504    -6.204
  122   -46.197   -31.883   -22.421   -15.386    -9.477    -6.186
  123   -46.102   -31.819   -22.365   -15.349    -9.452    -6.170
  124   -46.018   -31.760   -22.326   -15.315    -9.426    -6.152
  125   -45.905   -31.699   -22.280   -15.282    -9.395    -6.136
  126   -45.805   -31.639   -22.234   -15.248    -9.367    -6.120
  127   -45.712   -31.590   -22.177   -15.210    -9.336    -6.104
  128   -45.622   -31.533   -22.130   -15.180    -9.308    -6.086
  129   -45.533   -31.481   -22.092   -15.145    -9.280    -6.071
  130   -45.464   -31.406   -22.050   -15.106    -9.254    -6.055
  131   -45.381   -31.346   -22.008   -15.070    -9.227    -6.040
  132   -45.292   -31.282   -21.965   -15.035    -9.199    -6.021
  133   -45.186   -31.214   -21.921   -14.994    -9.170    -6.005
  134   -45.092   -31.147   -21.871   -14.960    -9.144    -5.988
  135   -45.009   -31.084   -21.823   -14.927    -9.116    -5.972
  136   -44.912   -31.029   -21.779   -14.902    -9.090    -5.956
  137   -44.834   -30.968   -21.733   -14.868    -9.064    -5.939
  138   -44.733   -30.903   -21.688   -14.838    -9.037    -5.923
  139   -44.638   -30.841   -21.641   -14.810    -9.006    -5.905
  140   -44.541   -30.774   -21.603   -14.782    -8.981    -5.889
  141   -44.455   -30.712   -21.561   -14.741    -8.948    -5.873
  142   -44.367   -30.652   -21.509   -14.713    -8.916    -5.857
  143   -44.275   -30.605   -21.465   -14.667    -8.893    -5.843
  144   -44.199   -30.557   -21.418   -14.629    -8.870    -5.826
  145   -44.119   -30.494   -21.384   -14.591    -8.844    -5.812
  146   -44.027   -30.438   -21.339   -14.550    -8.823    -5.795
  147   -43.929   -30.381   -21.292   -14.518    -8.794    -5.779
  148   -43.840   -30.326   -21.239   -14.482    -8.766    -5.765
  149   -43.758   -30.260   -21.192   -14.448    -8.737    -5.750
  150   -43.683   -30.199   -21.141   -14.418    -8.707    -5.733
  151   -43.620   -30.137   -21.105   -14.387    -8.681    -5.715
  152   -43.547   -30.087   -21.061   -14.351    -8.658    -5.700
  153   -43.472   -30.023   -21.019   -14.318    -8.638    -5.681
  154   -43.397   -29.960   -20.981   -14.287    -8.613    -5.666
  155   -43.322   -29.910   -20.938   -14.257    -8.590    -5.649
  156   -43.245   -29.854   -20.892   -14.225    -8.567    -5.631
  157   -43.169   -29.808   -20.858   -14.190    -8.543    -5.616
  158   -43.102   -29.753   -20.812   -14.157    -8.522    -5.604
  159   -43.020   -29.702   -20.763   -14.128    -8.497    -5.587
  160   -42.935   -29.653   -20.717   -14.096    -8.474    -5.573
  161   -42.856   -29.596   -20.675   -14.069    -8.453    -5.561
  162   -42.788   -29.552   -20.628   -14.031    -8.430    -5.545
  163   -42.716   -29.492   -20.585   -13.993    -8.406    -5.528
  164   -42.635   -29.440   -20.532   -13.954    -8.379    -5.513
  165   -42.559   -29.366   -20.493   -13.927    -8.353    -5.498
  166   -42.486   -29.308   -20.456   -13.897    -8.330    -5.486
  167   -42.394   -29.250   -20.415   -13.865    -8.303    -5.468
  168   -42.318   -29.210   -20.367   -13.833    -8.279    -5.453
  169   -42.225   -29.159   -20.328   -13.803    -8.254    -5.438
  170   -42.157   -29.107   -20.287   -13.769    -8.226    -5.424
  171   -42.079   -29.051   -20.244   -13.738    -8.202    -5.410
  172   -41.987   -28.992   -20.204   -13.706    -8.173    -5.395
  173   -41.910   -28.931   -20.159   -13.679    -8.149    -5.383
  174   -41.843   -28.878   -20.112   -13.647    -8.123    -5.369
  175   -41.758   -28.824   -20.070   -13.611    -8.097    -5.354
  176   -41.689   -28.777   -20.031   -13.580    -8.072    -5.340
  177   -41.613   -28.735   -19.997   -13.550    -8.052    -5.324
  178   -41.529   -28.677   -19.949   -13.514    -8.029    -5.307
  179   -41.444   -28.631   -19.907   -13.482    -8.009    -5.294
  180   -41.376   -28.583   -19.870   -13.452    -7.986    -5.281
  181   -41.288   -28.522   -19.821   -13.422    -7.969    -5.265
  182   -41.214   -28.471   -19.775   -13.392    -7.946    -5.248
  183   -41.134   -28.427   -19.731   -13.364    -7.919    -5.232
  184   -41.055   -28.373   -19.697   -13.334    -7.896    -5.219
  185   -40.969   -28.329   -19.657   -13.309    -7.872    -5.205
  186   -40.899   -28.274   -19.619   -13.281    -7.848    -5.193
  187   -40.817   -28.221   -19.583   -13.247    -7.827    -5.179
  188   -40.751   -28.169   -19.546   -13.225    -7.803    -5.164
  189   -40.663   -28.122   -19.505   -13.197    -7.778    -5.151
  190   -40.597   -28.085   -19.466   -13.163    -7.757    -5.134
  191   -40.528   -28.026   -19.429   -13.131    -7.738    -5.120
  192   -40.461   -27.978   -19.381   -13.108    -7.718    -5.108
  193   -40.394   -27.932   -19.340   -13.075    -7.697    -5.093
  194   -40.319   -27.878   -19.303   -13.047    -7.677    -5.080
  195   -40.242   -27.834   -19.266   -13.014    -7.652    -5.065
  196   -40.179   -27.760   -19.226   -12.988    -7.631    -5.052
  197   -40.119   -27.710   -19.187   -12.961    -7.610    -5.036
  198   -40.048   -27.666   -19.153   -12.934    -7.588    -5.021
  199   -39.972   -27.625   -19.110   -12.907    -7.567    -5.002
  200   -39.894   -27.574   -19.079   -12.883    -7.545    -4.989
  201   -39.817   -27.524   -19.039   -12.861    -7.520    -4.975
  202   -39.738   -27.477   -19.001   -12.837    -7.501    -4.964
  203   -39.670   -27.425   -18.967   -12.811    -7.477    -4.949
  204   -39.602   -27.369   -18.923   -12.786    -7.455    -4.935
  205   -39.534   -27.319   -18.876   -12.766    -7.430    -4.924
  206   -39.469   -27.269   -18.841   -12.738    -7.407    -4.911
  207   -39.393   -27.211   -18.807   -12.708    -7.381    -4.898
  208   -39.307   -27.159   -18.772   -12.681    -7.358    -4.882
  209   -39.224   -27.108   -18.725   -12.653    -7.332    -4.868
  210   -39.158   -27.057   -18.689   -12.618    -7.309    -4.857
  211   -39.083   -26.996   -18.651   -12.589    -7.287    -4.845
  212   -39.005   -26.948   -18.615   -12.560    -7.263    -4.828
  213   -38.925   -26.894   -18.569   -12.532    -7.242    -4.813
  214   -38.862   -26.844   -18.532   -12.506    -7.225    -4.802
  215   -38.798   -26.796   -18.497   -12.476    -7.198    -4.787
  216   -38.727   -26.739   -18.464   -12.449    -7.173    -4.772
  217   -38.660   -26.687   -18.425   -12.421    -7.151    -4.757
  218   -38.577   -26.633   -18.377   -12.394    -7.129    -4.743
  219   -38.511   -26.577   -18.333   -12.363    -7.108    -4.731
  220   -38.447   -26.533   -18.290   -12.335    -7.084    -4.717
  221   -38.392   -26.483   -18.255   -12.306    -7.060    -4.702
  222   -38.323   -26.436   -18.224   -12.276    -7.039    -4.688
  223   -38.252   -26.401   -18.186   -12.255    -7.014    -4.673
  224   -38.188   -26.353   -18.147   -12.228    -6.991    -4.660
  225   -38.125   -26.301   -18.112   -12.199    -6.962    -4.647
  226   -38.053   -26.240   -18.070   -12.176    -6.944    -4.630
  227   -37.988   -26.199   -18.032   -12.147    -6.925    -4.611
  228   -37.924   -26.142   -17.988   -12.126    -6.905    -4.597
  229   -37.849   -26.074   -17.946   -12.095    -6.888    -4.582
  230   -37.774   -26.030   -17.917   -12.064    -6.869    -4.566
  231   -37.716   -25.979   -17.883   -12.033    -6.852    -4.551
  232   -37.639   -25.922   -17.842   -12.002    -6.831    -4.535
  233   -37.572   -25.869   -17.804   -11.977    -6.811    -4.518
  234   -37.499   -25.818   -17.756   -11.947    -6.786    -4.504
  235   -37.421   -25.777   -17.718   -11.923    -6.767    -4.490
  236   -37.346   -25.738   -17.677   -11.894    -6.748    -4.477
  237   -37.283   -25.688   -17.637   -11.862    -6.725    -4.461
  238   -37.231   -25.641   -17.600   -11.831    -6.707    -4.446
  239   -37.156   -25.594   -17.565   -11.800    -6.685    -4.431
  240   -37.087   -25.539   -17.530   -11.769    -6.664    -4.415
  241   -37.010   -25.486   -17.505   -11.739    -6.643    -4.399
  242   -36.943   -25.438   -17.470   -11.713    -6.622    -4.383
  243   -36.880   -25.385   -17.429   -11.687    -6.600    -4.368
  244   -36.821   -25.331   -17.394   -11.657    -6.582    -4.353
  245   -36.762   -25.279   -17.356   -11.623    -6.559    -4.340
  246   -36.699   -25.240   -17.314   -11.590    -6.538    -4.325
  247   -36.633   -25.202   -17.283   -11.563    -6.520    -4.312
  248   -36.537   -25.152   -17.250   -11.534    -6.499    -4.296
  249   -36.473   -25.094   -17.212   -11.502    -6.478    -4.282
  250   -36.379   -25.043   -17.176   -11.476    -6.460    -4.265
  251   -36.299   -24.991   -17.146   -11.443    -6.439    -4.252
  252   -36.225   -24.937   -17.113   -11.413    -6.421    -4.238
  253   -36.140   -24.889   -17.073   -11.383    -6.400    -4.226
  254   -36.073   -24.842   -17.040   -11.353    -6.381    -4.210
  255   -36.012   -24.791   -17.011   -11.327    -6.356    -4.196
  256   -35.938   -24.744   -16.982   -11.296    -6.337    -4.180
  257   -35.870   -24.695   -16.945   -11.270    -6.317    -4.167
  258   -35.812   -24.654   -16.901   -11.238    -6.292    -4.150
  259   -35.752   -24.607   -16.863   -11.207    -6.272    -4.138
  260   -35.685   -24.560   -16.837   -11.179    -6.254    -4.121
  261   -35.612   -24.512   -16.797   -11.154    -6.235    -4.102
  262   -35.535   -24.468   -16.758   -11.127    -6.212    -4.086
  263   -35.473   -24.428   -16.724   -11.106    -6.192    -4.071
  264   -35.395   -24.372   -16.686   -11.076    -6.174    -4.053
  265   -35.325   -24.330   -16.656   -11.048    -6.152    -4.036
  266   -35.244   -24.278   -16.612   -11.020    -6.132    -4.019
  267   -35.170   -24.225   -16.567   -10.993    -6.111    -4.004
  268   -35.106   -24.170   -16.528   -10.968    -6.092    -3.986
  269   -35.036   -24.116   -16.483   -10.939    -6.073    -3.969
  270   -34.969   -24.055   -16.450   -10.906    -6.054    -3.955
  271   -34.885   -24.011   -16.413   -10.881    -6.036    -3.942
  272   -34.817   -23.956   -16.377   -10.862    -6.014    -3.924
  273   -34.748   -23.914   -16.345   -10.830    -5.993    -3.910
  274   -34.686   -23.868   -16.297   -10.803    -5.974    -3.892
  275   -34.609   -23.819   -16.260   -10.777    -5.952    -3.874
  276   -34.531   -23.766   -16.222   -10.751    -5.933    -3.857
  277   -34.469   -23.715   -16.191   -10.722    -5.916    -3.841
  278   -34.397   -23.671   -16.146   -10.690    -5.894    -3.825
  279   -34.333   -23.625   -16.103   -10.661    -5.872    -3.809
  280   -34.273   -23.574   -16.070   -10.638    -5.852    -3.791
  281   -34.202   -23.517   -16.022   -10.605    -5.831    -3.776
  282   -34.131   -23.479   -15.982   -10.575    -5.816    -3.758
  283   -34.071   -23.428   -15.941   -10.545    -5.796    -3.742
  284   -34.001   -23.379   -15.910   -10.522    -5.776    -3.728
  285   -33.923   -23.319   -15.872   -10.496    -5.756    -3.712
  286   -33.854   -23.264   -15.829   -10.469    -5.734    -3.694
  287   -33.780   -23.229   -15.790   -10.440    -5.712    -3.678
  288   -33.711   -23.174   -15.751   -10.406    -5.691    -3.663
  289   -33.655   -23.130   -15.723   -10.375    -5.668    -3.645
  290   -33.587   -23.082   -15.683   -10.347    -5.647    -3.627
  291   -33.506   -23.036   -15.646   -10.321    -5.625    -3.605
  292   -33.430   -22.976   -15.606   -10.287    -5.606    -3.591
  293   -33.368   -22.910   -15.572   -10.258    -5.587    -3.576
  294   -33.303   -22.845   -15.533   -10.228    -5.568    -3.559
  295   -33.218   -22.795   -15.492   -10.194    -5.550    -3.542
  296   -33.139   -22.741   -15.451   -10.169    -5.524    -3.521
  297   -33.077   -22.688   -15.406   -10.137    -5.504    -3.500
  298   -33.010   -22.640   -15.373   -10.104    -5.486    -3.483
  299   -32.941   -22.583   -15.337   -10.077    -5.466    -3.466
  300   -32.871   -22.524   -15.300   -10.050    -5.446    -3.455
  301   -32.803   -22.468   -15.265   -10.023    -5.425    -3.442
  302   -32.724   -22.408   -15.225    -9.990    -5.406    -3.424
  303   -32.656   -22.353   -15.195    -9.963    -5.384    -3.408
  304   -32.587   -22.308   -15.158    -9.937    -5.360    -3.388
  305   -32.517   -22.255   -15.120    -9.903    -5.343    -3.371
  306   -32.438   -22.196   -15.072    -9.876    -5.322    -3.351
  307   -32.356   -22.139   -15.036    -9.838    -5.298    -3.334
  308   -32.278   -22.089   -14.988    -9.801    -5.280    -3.315
  309   -32.201   -22.044   -14.947    -9.772    -5.258    -3.293
  310   -32.124   -21.996   -14.916    -9.740    -5.233    -3.272
  311   -32.033   -21.935   -14.876    -9.717    -5.214    -3.253
  312   -31.965   -21.874   -14.834    -9.690    -5.195    -3.231
  313   -31.905   -21.815   -14.795    -9.657    -5.175    -3.210
  314   -31.817   -21.754   -14.748    -9.629    -5.156    -3.190
  315   -31.736   -21.698   -14.703    -9.600    -5.133    -3.169
  316   -31.659   -21.648   -14.648    -9.566    -5.110    -3.153
  317   -31.583   -21.603   -14.593    -9.536    -5.092    -3.126
  318   -31.508   -21.554   -14.544    -9.504    -5.070    -3.103
  319   -31.446   -21.482   -14.500    -9.471    -5.047    -3.079
  320   -31.374   -21.428   -14.458    -9.440    -5.025    -3.059
  321   -31.294   -21.375   -14.417    -9.401    -5.000    -3.038
  322   -31.195   -21.321   -14.372    -9.380    -4.979    -3.017
  323   -31.116   -21.258   -14.333    -9.352    -4.958    -2.993
  324   -31.050   -21.199   -14.291    -9.319    -4.940    -2.970
  325   -30.971   -21.130   -14.250    -9.286    -4.923    -2.950
  326   -30.908   -21.073   -14.197    -9.261    -4.901    -2.926
  327   -30.825   -21.013   -14.149    -9.230    -4.876    -2.906
  328   -30.750   -20.950   -14.109    -9.200    -4.858    -2.885
  329   -30.687   -20.895   -14.071    -9.161    -4.837    -2.866
  330   -30.605   -20.840   -14.030    -9.120    -4.814    -2.841
  331   -30.526   -20.783   -13.973    -9.091    -4.796    -2.814
  332   -30.443   -20.720   -13.931    -9.062    -4.771    -2.792
  333   -30.359   -20.663   -13.893    -9.027    -4.748    -2.769
  334   -30.267   -20.602   -13.836    -8.993    -4.724    -2.743
  335   -30.170   -20.521   -13.786    -8.961    -4.701    -2.722
  336   -30.089   -20.467   -13.739    -8.915    -4.678    -2.699
  337   -29.991   -20.408   -13.688    -8.884    -4.654    -2.674
  338   -29.895   -20.356   -13.630    -8.849    -4.628    -2.648
  339   -29.798   -20.291   -13.581    -8.818    -4.601    -2.624
  340   -29.716   -20.222   -13.534    -8.777    -4.575    -2.600
  341   -29.637   -20.153   -13.472    -8.741    -4.547    -2.570
  342   -29.568   -20.076   -13.426    -8.700    -4.522    -2.547
  343   -29.492   -20.011   -13.383    -8.673    -4.497    -2.519
  344   -29.375   -19.934   -13.325    -8.641    -4.473    -2.493
  345   -29.276   -19.872   -13.281    -8.609    -4.446    -2.468
  346   -29.193   -19.787   -13.231    -8.575    -4.420    -2.434
  347   -29.104   -19.718   -13.186    -8.537    -4.391    -2.402
  348   -29.008   -19.660   -13.132    -8.503    -4.365    -2.373
  349   -28.920   -19.589   -13.075    -8.464    -4.345    -2.343
  350   -28.828   -19.528   -13.020    -8.429    -4.321    -2.315
  351   -28.749   -19.466   -12.974    -8.391    -4.295    -2.281
  352   -28.652   -19.381   -12.928    -8.355    -4.264    -2.256
  353   -28.545   -19.307   -12.880    -8.321    -4.244    -2.229
  354   -28.450   -19.240   -12.833    -8.281    -4.223    -2.198
  355   -28.352   -19.166   -12.778    -8.246    -4.198    -2.170
  356   -28.241   -19.095   -12.715    -8.208    -4.173    -2.140
  357   -28.146   -19.007   -12.655    -8.165    -4.143    -2.105
  358   -28.058   -18.935   -12.588    -8.118    -4.111    -2.069
  359   -27.940   -18.844   -12.520    -8.084    -4.079    -2.039
  360   -27.829   -18.767   -12.463    -8.041    -4.045    -2.002
  361   -27.694   -18.690   -12.416    -8.005    -4.011    -1.971
  362   -27.593   -18.597   -12.361    -7.965    -3.980    -1.926
  363   -27.483   -18.507   -12.307    -7.917    -3.949    -1.883
  364   -27.365   -18.424   -12.252    -7.868    -3.919    -1.850
  365   -27.245   -18.338   -12.186    -7.821    -3.893    -1.812
  366   -27.118   -18.252   -12.137    -7.780    -3.857    -1.778
  367   -26.993   -18.166   -12.059    -7.735    -3.825    -1.742
  368   -26.876   -18.067   -11.982    -7.694    -3.795    -1.705
  369   -26.727   -17.955   -11.910    -7.646    -3.760    -1.666
  370   -26.603   -17.875   -11.830    -7.595    -3.729    -1.609
  371   -26.477   -17.763   -11.768    -7.554    -3.693    -1.562
  372   -26.370   -17.656   -11.691    -7.506    -3.661    -1.518
  373   -26.228   -17.568   -11.623    -7.452    -3.630    -1.470
  374   -26.065   -17.483   -11.539    -7.388    -3.585    -1.426
  375   -25.946   -17.381   -11.468    -7.322    -3.548    -1.380
  376   -25.805   -17.268   -11.381    -7.259    -3.512    -1.327
  377   -25.682   -17.175   -11.300    -7.209    -3.470    -1.266
  378   -25.523   -17.065   -11.190    -7.132    -3.443    -1.187
  379   -25.350   -16.972   -11.112    -7.085    -3.396    -1.128
  380   -25.197   -16.855   -11.033    -7.013    -3.357    -1.063
  381   -25.002   -16.747   -10.922    -6.942    -3.304    -1.004
  382   -24.813   -16.646   -10.848    -6.886    -3.253     -.945
  383   -24.633   -16.525   -10.745    -6.828    -3.200     -.869
  384   -24.447   -16.387   -10.654    -6.760    -3.159     -.794
  385   -24.213   -16.250   -10.550    -6.670    -3.091     -.724
  386   -23.968   -16.118   -10.440    -6.599    -3.041     -.663
  387   -23.790   -15.941   -10.329    -6.532    -2.991     -.570
  388   -23.536   -15.771   -10.179    -6.463    -2.922     -.495
  389   -23.332   -15.628   -10.069    -6.394    -2.865     -.380
  390   -23.052   -15.441    -9.946    -6.278    -2.786     -.247
  391   -22.717   -15.236    -9.825    -6.160    -2.707     -.143
  392   -22.344   -15.057    -9.663    -6.046    -2.638     -.021
  393   -22.031   -14.765    -9.516    -5.946    -2.552      .123
  394   -21.692   -14.493    -9.313    -5.787    -2.450      .271
  395   -21.296   -14.246    -9.080    -5.644    -2.345      .433
  396   -20.814   -13.899    -8.878    -5.480    -2.215      .623
  397   -20.167   -13.532    -8.553    -5.286    -2.066      .847
  398   -19.327   -12.991    -8.117    -5.009    -1.824     1.276
  399   -18.183   -12.103    -7.647    -4.597    -1.539     1.779
