  -5.035530    
  -5.023027    
  -5.026038    
  -5.031023    
  -5.025357    
  -5.017512    
  -5.018550    
  -5.012306    
  -5.013336    
  -5.003945    
  -5.009026    
  -5.004027    
  -4.991235    
  -4.974635    
  -4.937625    
  -4.954222    
  -4.932858    
  -4.949951    
  -4.940215    
  -4.936165    
  -4.934093    
  -4.917859    
  -4.915083    
  -4.896356    
  -4.893152    
  -4.890467    
  -4.893409    
  -4.896549    
  -4.895296    
  -4.889195    
  -4.875816    
  -4.861002    
  -4.848846    
  -4.836529    
  -4.829531    
  -4.815675    
  -4.815685    
  -4.816872    
  -4.816801    
  -4.809476    
  -4.805595    
  -4.806424    
  -4.802896    
  -4.803403    
  -4.816670    
  -4.808966    
  -4.797044    
  -4.790606    
  -4.778798    
  -4.769204    
  -4.763504    
  -4.763338    
  -4.762576    
  -4.752735    
  -4.759997    
  -4.761425    
  -4.763383    
  -4.752832    
  -4.754827    
  -4.738711    
  -4.730088    
  -4.724326    
  -4.720282    
  -4.713851    
  -4.711134    
  -4.709894    
  -4.700192    
  -4.697179    
  -4.682345    
  -4.669711    
  -4.656652    
  -4.658352    
  -4.645673    
  -4.638612    
  -4.625213    
  -4.603986    
  -4.595425    
  -4.593961    
  -4.587268    
  -4.587194    
  -4.582974    
  -4.573835    
  -4.573679    
  -4.572128    
  -4.556528    
  -4.546508    
  -4.532981    
  -4.533802    
  -4.527267    
  -4.525256    
  -4.523902    
  -4.520478    
  -4.519230    
  -4.520118    
  -4.516972    
  -4.525542    
  -4.515414    
  -4.513182    
  -4.513506    
  -4.506855    
  -4.504318    
  -4.493207    
  -4.484918    
  -4.466710    
  -4.458693    
  -4.465453    
  -4.466294    
  -4.475905    
  -4.492531    
  -4.491819    
  -4.491176    
  -4.509309    
  -4.506731    
  -4.494374    
  -4.489626    
  -4.485019    
  -4.468701    
  -4.465965    
  -4.459955    
  -4.449090    
  -4.439466    
  -4.441312    
  -4.436085    
  -4.426751    
  -4.426453    
  -4.411309    
  -4.411045    
  -4.405914    
  -4.406483    
  -4.412398    
  -4.410065    
  -4.410210    
  -4.415752    
  -4.440367    
  -4.433327    
  -4.427168    
  -4.427016    
  -4.430556    
  -4.429449    
  -4.438510    
  -4.435939    
  -4.434171    
  -4.431805    
  -4.421815    
  -4.417035    
  -4.400297    
  -4.390138    
  -4.379733    
  -4.374714    
  -4.361733    
  -4.359691    
  -4.352239    
  -4.337917    
  -4.332443    
  -4.318727    
  -4.317059    
  -4.310245    
  -4.302370    
  -4.289895    
  -4.289758    
  -4.291651    
  -4.283987    
  -4.275364    
  -4.283144    
  -4.274829    
  -4.269648    
  -4.262520    
  -4.257825    
