            -5.035530             -6.355540             -4.747696
            -5.023027             -6.387161             -4.746310
            -5.026038             -6.354346             -4.746825
            -5.031023             -6.283712             -4.732670
            -5.025357             -6.259832             -4.731321
            -5.017512             -6.255417             -4.728437
            -5.018550             -6.268316             -4.730136
            -5.012306             -6.277128             -4.732757
            -5.013336             -6.335382             -4.751541
            -5.003945             -6.382379             -4.771461
            -5.009026             -6.390872             -4.770158
            -5.004027             -6.363849             -4.782140
            -4.991235             -6.307423             -4.732302
            -4.974635             -6.220532             -4.695393
            -4.937625             -6.154219             -4.660632
            -4.954222             -6.169284             -4.640086
            -4.932858             -6.205502             -4.650326
            -4.949951             -6.239376             -4.647153
            -4.940215             -6.250569             -4.647797
            -4.936165             -6.258985             -4.662403
            -4.934093             -6.247207             -4.660589
            -4.917859             -6.239257             -4.675963
            -4.915083             -6.299180             -4.675892
            -4.896356             -6.240998             -4.652169
            -4.893152             -6.212005             -4.650446
            -4.890467             -6.211849             -4.647538
            -4.893409             -6.215913             -4.656490
            -4.896549             -6.223985             -4.674427
            -4.895296             -6.239733             -4.671633
            -4.889195             -6.225081             -4.661812
            -4.875816             -6.196726             -4.641637
            -4.861002             -6.185046             -4.618086
            -4.848846             -6.147544             -4.592879
            -4.836529             -6.110926             -4.576318
            -4.829531             -6.094152             -4.566378
            -4.815675             -6.090466             -4.554008
            -4.815685             -6.111770             -4.560158
            -4.816872             -6.110039             -4.561180
            -4.816801             -6.113788             -4.561011
            -4.809476             -6.129335             -4.553841
            -4.805595             -6.134403             -4.555667
            -4.806424             -6.148941             -4.561216
            -4.802896             -6.141568             -4.557331
            -4.803403             -6.161263             -4.581146
            -4.816670             -6.216255             -4.616506
            -4.808966             -6.250768             -4.617418
            -4.797044             -6.245801             -4.592569
            -4.790606             -6.193254             -4.571473
            -4.778798             -6.140407             -4.554224
            -4.769204             -6.110673             -4.532481
            -4.763504             -6.104892             -4.540746
            -4.763338             -6.120159             -4.531261
            -4.762576             -6.099083             -4.515629
            -4.752735             -6.132515             -4.528048
            -4.759997             -6.162025             -4.533300
            -4.761425             -6.165540             -4.550863
            -4.763383             -6.177296             -4.548415
            -4.752832             -6.172809             -4.537279
            -4.754827             -6.152310             -4.524797
            -4.738711             -6.123951             -4.506651
            -4.730088             -6.107688             -4.495694
            -4.724326             -6.079153             -4.486251
            -4.720282             -6.076822             -4.482334
            -4.713851             -6.093719             -4.490523
            -4.711134             -6.092050             -4.479417
            -4.709894             -6.049487             -4.464922
            -4.700192             -6.029259             -4.452940
            -4.697179             -6.006750             -4.448657
            -4.682345             -5.996229             -4.426220
            -4.669711             -5.998599             -4.421331
            -4.656652             -5.995154             -4.410877
            -4.658352             -5.989304             -4.410204
            -4.645673             -5.944073             -4.385450
            -4.638612             -5.916489             -4.377892
            -4.625213             -5.907838             -4.367310
            -4.603986             -5.888224             -4.349726
            -4.595425             -5.866529             -4.331437
            -4.593961             -5.880743             -4.336744
            -4.587268             -5.888928             -4.337205
            -4.587194             -5.932125             -4.339534
            -4.582974             -5.962470             -4.345772
            -4.573835             -5.932166             -4.343846
            -4.573679             -5.925223             -4.333134
            -4.572128             -5.897498             -4.332532
            -4.556528             -5.875277             -4.324959
            -4.546508             -5.886289             -4.311677
            -4.532981             -5.882195             -4.305668
            -4.533802             -5.857820             -4.310588
            -4.527267             -5.847395             -4.293274
            -4.525256             -5.849391             -4.297069
            -4.523902             -5.843110             -4.290984
            -4.520478             -5.878375             -4.298313
            -4.519230             -5.895517             -4.307969
            -4.520118             -5.921375             -4.309593
            -4.516972             -5.905467             -4.300472
            -4.525542             -5.901471             -4.317635
            -4.515414             -5.892350             -4.287089
            -4.513182             -5.862214             -4.291004
            -4.513506             -5.848819             -4.291428
            -4.506855             -5.839065             -4.297406
            -4.504318             -5.803370             -4.285255
            -4.493207             -5.796645             -4.264544
            -4.484918             -5.791240             -4.252674
            -4.466710             -5.743933             -4.233805
            -4.458693             -5.713796             -4.212560
            -4.465453             -5.718127             -4.212691
            -4.466294             -5.724946             -4.213210
            -4.475905             -5.737092             -4.210917
            -4.492531             -5.767856             -4.224715
            -4.491819             -5.787650             -4.231916
            -4.491176             -5.819818             -4.250018
            -4.509309             -5.885027             -4.265982
            -4.506731             -5.959271             -4.298570
            -4.494374             -5.974245             -4.290214
            -4.489626             -5.956021             -4.276779
            -4.485019             -5.941276             -4.266298
            -4.468701             -5.910695             -4.245501
            -4.465965             -5.901955             -4.243447
            -4.459955             -5.899292             -4.242652
            -4.449090             -5.855500             -4.234449
            -4.439466             -5.821744             -4.222274
            -4.441312             -5.773759             -4.210090
            -4.436085             -5.760360             -4.193263
            -4.426751             -5.758258             -4.200373
            -4.426453             -5.748989             -4.193272
            -4.411309             -5.694388             -4.162548
            -4.411045             -5.686704             -4.160577
            -4.405914             -5.683406             -4.149797
            -4.406483             -5.681238             -4.152530
            -4.412398             -5.687242             -4.157984
            -4.410065             -5.678261             -4.153145
            -4.410210             -5.691243             -4.160814
            -4.415752             -5.709691             -4.155076
            -4.440367             -5.819846             -4.191510
            -4.433327             -5.823385             -4.193246
            -4.427168             -5.785671             -4.179791
            -4.427016             -5.776096             -4.162741
            -4.430556             -5.770852             -4.170217
            -4.429449             -5.782580             -4.169567
            -4.438510             -5.820063             -4.192617
            -4.435939             -5.861596             -4.214057
            -4.434171             -5.896271             -4.211439
            -4.431805             -5.931191             -4.229444
            -4.421815             -5.912631             -4.237587
            -4.417035             -5.912506             -4.225066
            -4.400297             -5.859586             -4.200457
            -4.390138             -5.804469             -4.186019
            -4.379733             -5.761794             -4.162805
            -4.374714             -5.727623             -4.139502
            -4.361733             -5.690222             -4.135239
            -4.359691             -5.679202             -4.131431
            -4.352239             -5.664657             -4.132389
            -4.337917             -5.659393             -4.124088
            -4.332443             -5.642566             -4.122824
            -4.318727             -5.658757             -4.124231
            -4.317059             -5.632717             -4.119004
            -4.310245             -5.650219             -4.100902
            -4.302370             -5.659156             -4.111983
            -4.289895             -5.668233             -4.114293
            -4.289758             -5.667322             -4.115257
            -4.291651             -5.687549             -4.104136
            -4.283987             -5.665288             -4.091492
            -4.275364             -5.632846             -4.083865
            -4.283144             -5.631193             -4.070874
            -4.274829             -5.625889             -4.057971
            -4.269648             -5.603153             -4.053461
            -4.262520             -5.595496             -4.045185
            -4.257825             -5.595836             -4.046676
