
 -5.035530  -6.355540  -4.747696  -4.771040   0.380000   0.000000 
 -5.023027  -6.387161  -4.746310  -4.771593   0.380000   4.323380 
 -5.026038  -6.354346  -4.746825  -4.782846   0.736667   7.133424 
 -5.031023  -6.283712  -4.732670  -4.805376   0.906667  11.347976 
 -5.025357  -6.259832  -4.731321  -4.821645   0.990000   6.397756 
 -5.017512  -6.255417  -4.728437  -4.844289   1.000000   5.935552 
 -5.018550  -6.268316  -4.730136  -4.863931   1.050000   7.192620 
 -5.012306  -6.277128  -4.732757  -4.862341   1.140000  -2.190380 
 -5.013336  -6.335382  -4.751541  -4.857561   1.170000  -3.821075 
 -5.003945  -6.382379  -4.771461  -4.851179   1.170000  -2.536762 
 -5.009026  -6.390872  -4.770158  -4.856900   1.043333   0.542553 
 -5.004027  -6.363849  -4.782140  -4.859339   1.076667  -0.176403 
 -4.991235  -6.307423  -4.732302  -4.856487   1.103333   0.753153 
 -4.974635  -6.220532  -4.695393  -4.850630   1.153333   1.734295 
 -4.937625  -6.154219  -4.660632  -4.875178   1.220000  11.952804 
 -4.954222  -6.169284  -4.640086  -4.879205   1.336667   4.990100 
 -4.932858  -6.205502  -4.650326  -4.905864   1.366667  14.991500 
 -4.949951  -6.239376  -4.647153  -4.897994   1.490000   0.757295 
 -4.940215  -6.250569  -4.647797  -4.881677   1.603333  -1.196746 
 -4.936165  -6.258985  -4.662403  -4.875895   1.610000   3.888968 
 -4.934093  -6.247207  -4.660589  -4.866960   1.566667   1.611416 
 -4.917859  -6.239257  -4.675963  -4.857038   1.646667  -0.425403 
 -4.915083  -6.299180  -4.675892  -4.859375   1.783333   4.430192 
 -4.896356  -6.240998  -4.652169  -4.864195   1.893333   5.596516 
 -4.893152  -6.212005  -4.650446  -4.866256   1.980000   0.259260 
 -4.890467  -6.211849  -4.647538  -4.862901   2.153333   1.551201 
 -4.893409  -6.215913  -4.656490  -4.863759   1.956667   1.877838 
 -4.896549  -6.223985  -4.674427  -4.854108   1.473333  -2.663557 
 -4.895296  -6.239733  -4.671633  -4.855665   1.060000   2.384826 
 -4.889195  -6.225081  -4.661812  -4.851711   0.786667   0.885605 
 -4.875816  -6.196726  -4.641637  -4.836094   0.883333  -1.733730 
 -4.861002  -6.185046  -4.618086  -4.834181   1.016667   2.138787 
 -4.848846  -6.147544  -4.592879  -4.835903   1.226667   3.840683 
 -4.836529  -6.110926  -4.576318  -4.839346   1.483333   2.527840 
 -4.829531  -6.094152  -4.566378  -4.845030   1.856667   2.956021 
 -4.815675  -6.090466  -4.554008  -4.845457   2.340000   0.588192 
 -4.815685  -6.111770  -4.560158  -4.853237   2.326667   3.257788 
 -4.816872  -6.110039  -4.561180  -4.859781   2.566667   3.381140 
 -4.816801  -6.113788  -4.561011  -4.868161   2.583333   3.819987 
 -4.809476  -6.129335  -4.553841  -4.874129   3.033333   3.801400 
 -4.805595  -6.134403  -4.555667  -4.878747   3.100000   4.263416 
 -4.806424  -6.148941  -4.561216  -4.881828   3.136667   2.937460 
 -4.802896  -6.141568  -4.557331  -4.887855   3.353333   3.745779 
 -4.803403  -6.161263  -4.581146  -4.892051   3.303333   1.308222 
 -4.816670  -6.216255  -4.616506  -4.888921   1.760000   1.418956 
 -4.808966  -6.250768  -4.617418  -4.868087   0.956667   0.342026 
 -4.797044  -6.245801  -4.592569  -4.857370   1.680000   1.547950 
 -4.790606  -6.193254  -4.571473  -4.853472   2.690000   1.598973 
 -4.778798  -6.140407  -4.554224  -4.849893   2.773333   3.771074 
 -4.769204  -6.110673  -4.532481  -4.845120   3.000000   2.543694 
 -4.763504  -6.104892  -4.540746  -4.842125   3.540000   2.678490 
 -4.763338  -6.120159  -4.531261  -4.840989   4.230000  -0.195752 
 -4.762576  -6.099083  -4.515629  -4.852754   3.873333   4.048688 
 -4.752735  -6.132515  -4.528048  -4.848643   2.993333   0.385897 
 -4.759997  -6.162025  -4.533300  -4.837914   2.360000   1.497794 
 -4.761425  -6.165540  -4.550863  -4.827227   2.306667   0.193065 
 -4.763383  -6.177296  -4.548415  -4.812884   2.350000  -0.392744 
 -4.752832  -6.172809  -4.537279  -4.804368   2.303333   2.613482 
 -4.754827  -6.152310  -4.524797  -4.796425   2.303333   2.244353 
 -4.738711  -6.123951  -4.506651  -4.781808   2.460000   0.578698 
 -4.730088  -6.107688  -4.495694  -4.771008   2.723333   3.279372 
 -4.724326  -6.079153  -4.486251  -4.756731   2.713333   1.035729 
 -4.720282  -6.076822  -4.482334  -4.748122   2.840000   0.974535 
 -4.713851  -6.093719  -4.490523  -4.740509   2.813333   2.677679 
 -4.711134  -6.092050  -4.479417  -4.723732   2.906667   0.122210 
 -4.709894  -6.049487  -4.464922  -4.707002   2.936667   0.147640 
 -4.700192  -6.029259  -4.452940  -4.695176   3.293333   1.666527 
 -4.697179  -6.006750  -4.448657  -4.683879   3.496667   1.640864 
 -4.682345  -5.996229  -4.426220  -4.672042   3.530000   0.107327 
 -4.669711  -5.998599  -4.421331  -4.664034   3.476667   1.916956 
 -4.656652  -5.995154  -4.410877  -4.651572   3.496667   2.161965 
 -4.658352  -5.989304  -4.410204  -4.637004   3.683333   0.776382 
 -4.645673  -5.944073  -4.385450  -4.632134   3.890000   4.198524 
 -4.638612  -5.916489  -4.377892  -4.623247   3.873333   1.338158 
 -4.625213  -5.907838  -4.367310  -4.613479   3.866667   2.370711 
 -4.603986  -5.888224  -4.349726  -4.599895   4.166667   2.217371 
 -4.595425  -5.866529  -4.331437  -4.594684   4.610000   4.313856 
 -4.593961  -5.880743  -4.336744  -4.596202   4.586667   4.166400 
 -4.587268  -5.888928  -4.337205  -4.600940   5.043333   3.158420 
 -4.587194  -5.932125  -4.339534  -4.606032   5.210000   4.965608 
 -4.582974  -5.962470  -4.345772  -4.598321   4.513333   1.874848 
 -4.573835  -5.932166  -4.343846  -4.579027   3.660000   0.286766 
 -4.573679  -5.925223  -4.333134  -4.560899   4.300000   1.682246 
 -4.572128  -5.897498  -4.332532  -4.554985   4.753333   4.009592 
 -4.556528  -5.875277  -4.324959  -4.561156   5.050000   7.632220 
 -4.546508  -5.886289  -4.311677  -4.557329   5.520000   3.797448 
 -4.532981  -5.882195  -4.305668  -4.552710   5.196667   4.407664 
 -4.533802  -5.857820  -4.310588  -4.550954   5.586667   6.268932 
 -4.527267  -5.847395  -4.293274  -4.549010   6.093333   4.111076 
 -4.525256  -5.849391  -4.297069  -4.558709   6.196667   5.966116 
 -4.523902  -5.843110  -4.290984  -4.567791   7.023333   4.615832 
 -4.520478  -5.878375  -4.298313  -4.573463   7.353333   4.378784 
 -4.519230  -5.895517  -4.307969  -4.586951   7.210000   5.293072 
 -4.520118  -5.921375  -4.309593  -4.598733   6.676667   5.485500 
 -4.516972  -5.905467  -4.300472  -4.588649   6.330000   1.867677 
 -4.525542  -5.901471  -4.317635  -4.577938   5.353333   4.036660 
 -4.515414  -5.892350  -4.287089  -4.563938   3.840000   4.835528 
 -4.513182  -5.862214  -4.291004  -4.548037   4.250000   7.046216 
 -4.513506  -5.848819  -4.291428  -4.537883   5.010000   5.112916 
 -4.506855  -5.839065  -4.297406  -4.527234   4.230000   4.375296 
 -4.504318  -5.803370  -4.285255  -4.519093   3.436667   4.073584 
 -4.493207  -5.796645  -4.264544  -4.503239   3.770000   1.863323 
 -4.484918  -5.791240  -4.252674  -4.485797   4.220000   3.951379 
 -4.466710  -5.743933  -4.233805  -4.469201   4.863333   4.420104 
 -4.458693  -5.713796  -4.212560  -4.464323   5.700000   5.722844 
 -4.465453  -5.718127  -4.212691  -4.474969   6.603333   8.879620 
 -4.466294  -5.724946  -4.213210  -4.483182   8.323333   7.229256 
 -4.475905  -5.737092  -4.210917  -4.495953   7.500000   8.520552 
 -4.492531  -5.767856  -4.224715  -4.496764   7.616667   5.787972 
 -4.491819  -5.787650  -4.231916  -4.509187   8.153333   7.954996 
 -4.491176  -5.819818  -4.250018  -4.534648   8.190000  12.528404 
 -4.509309  -5.885027  -4.265982  -4.550953   7.360000  10.414384 
 -4.506731  -5.959271  -4.298570  -4.564147   5.750000  10.598700 
 -4.494374  -5.974245  -4.290214  -4.546356   5.393333   5.377360 
 -4.489626  -5.956021  -4.276779  -4.540511   6.330000   9.702392 
 -4.485019  -5.941276  -4.266298  -4.537086   5.626667   6.429716 
 -4.468701  -5.910695  -4.245501  -4.522388   4.916667   4.623372 
 -4.465965  -5.901955  -4.243447  -4.509048   5.156667   5.102416 
 -4.459955  -5.899292  -4.242652  -4.502004   5.150000   6.081264 
 -4.449090  -5.855500  -4.234449  -4.487125   4.673333   6.851780 
 -4.439466  -5.821744  -4.222274  -4.473308   4.630000   5.992728 
 -4.441312  -5.773759  -4.210090  -4.471069   4.840000   8.034520 
 -4.436085  -5.760360  -4.193263  -4.464096   5.496667   4.838856 
 -4.426751  -5.758258  -4.200373  -4.462469   6.110000   6.397468 
 -4.426453  -5.748989  -4.193272  -4.463456   6.393333   6.017184 
 -4.411309  -5.694388  -4.162548  -4.476004   6.476667  10.294948 
 -4.411045  -5.686704  -4.160577  -4.478012   7.313333   6.847928 
 -4.405914  -5.683406  -4.149797  -4.481591   8.570000   8.068200 
 -4.406483  -5.681238  -4.152530  -4.492658   9.383333   9.139868 
 -4.412398  -5.687242  -4.157984  -4.499210   9.376667   9.446404 
 -4.410065  -5.678261  -4.153145  -4.495823   9.673333   7.468608 
 -4.410210  -5.691243  -4.160814  -4.501965  11.843330   6.273432 
 -4.415752  -5.709691  -4.155076  -4.509682  13.353330   7.841532 
 -4.440367  -5.819846  -4.191510  -4.527391   9.616667   9.313840 
 -4.433327  -5.823385  -4.193246  -4.518836   9.153333   9.605568 
 -4.427168  -5.785671  -4.179791  -4.524663  13.613330  10.272276 
 -4.427016  -5.776096  -4.162741  -4.539176  14.390000  10.752824 
 -4.430556  -5.770852  -4.170217  -4.536000  14.906670   6.952532 
 -4.429449  -5.782580  -4.169567  -4.538983  15.053330   9.219724 
 -4.438510  -5.820063  -4.192617  -4.533971  11.750000   6.811944 
 -4.435939  -5.861596  -4.214057  -4.529243  12.813330   5.693568 
 -4.434171  -5.896271  -4.211439  -4.527073  12.420000   4.629616 
 -4.431805  -5.931191  -4.229444  -4.520409   9.316667   5.800148 
 -4.421815  -5.912631  -4.237587  -4.507854   7.906667   3.368088 
 -4.417035  -5.912506  -4.225066  -4.467871   8.106667   2.807020 
 -4.400297  -5.859586  -4.200457  -4.452822   8.396667   3.407458 
 -4.390138  -5.804469  -4.186019  -4.445707   9.140000   3.507438 
 -4.379733  -5.761794  -4.162805  -4.440351   8.800000   4.694504 
 -4.374714  -5.727623  -4.139502  -4.435816   9.170000   3.888486 
 -4.361733  -5.690222  -4.135239  -4.427245   9.796667   2.615692 
 -4.359691  -5.679202  -4.131431  -4.421923  10.320000   3.055737 
 -4.352239  -5.664657  -4.132389  -4.409834   8.803333   2.551640 
 -4.337917  -5.659393  -4.124088  -4.389066   8.183333   2.722939 
 -4.332443  -5.642566  -4.122824  -4.383312   7.460000   3.111026 
 -4.318727  -5.658757  -4.124231  -4.370697   7.106667   3.211315 
 -4.317059  -5.632717  -4.119004  -4.363335   7.166667   2.228832 
 -4.310245  -5.650219  -4.100902  -4.354581   6.896667   0.677833 
 -4.302370  -5.659156  -4.111983  -4.342117   6.140000   4.075532 
 -4.289895  -5.668233  -4.114293  -4.332018   5.523333   5.469320 
 -4.289758  -5.667322  -4.115257  -4.319938   5.353333   2.918850 
 -4.291651  -5.687549  -4.104136  -4.313070   5.536667   2.248938 
 -4.283987  -5.665288  -4.091492  -4.316588   5.656667   2.916454 
 -4.275364  -5.632846  -4.083865  -4.320603   6.043333   3.351667 
 -4.283144  -5.631193  -4.070874  -4.319597   5.863333   2.492725 
 -4.274829  -5.625889  -4.057971  -4.306949   5.723333   0.559795 
 -4.269648  -5.603153  -4.053461  -4.305020   6.210000   5.958720 
 -4.262520  -5.595496  -4.045185  -4.311099   7.010000   5.078400 
 -4.257825  -5.595836  -4.046676  -4.316183   7.726667   4.130376 
