
            -0.287834              0.380000 
            -0.276717             -3.943380 
            -0.279213             -6.396757 
            -0.298353            -10.441309 
            -0.294036             -5.407756 
            -0.289075             -4.935552 
            -0.288414             -6.142620 
            -0.279549              3.330380 
            -0.261795              4.991075 
            -0.232484              3.706762 
            -0.238868              0.500780 
            -0.221887              1.253070 
            -0.258933              0.350180 
            -0.279242             -0.580962 
            -0.276993            -10.732804 
            -0.314136             -3.653433 
            -0.282532            -13.624833 
            -0.302798              0.732705 
            -0.292418              2.800079 
            -0.273762             -2.278968 
            -0.273504             -0.044749 
            -0.241896              2.072070 
            -0.239191             -2.646859 
            -0.244187             -3.703183 
            -0.242706              1.720740 
            -0.242929              0.602132 
            -0.236919              0.078829 
            -0.222122              4.136890 
            -0.223663             -1.324826 
            -0.227383             -0.098938 
            -0.234179              2.617063 
            -0.242916             -1.122120 
            -0.255967             -2.614016 
            -0.260211             -1.044507 
            -0.263153             -1.099354 
            -0.261667              1.751808 
            -0.255527             -0.931121 
            -0.255692             -0.814473 
            -0.255790             -1.236654 
            -0.255635             -0.768067 
            -0.249928             -1.163416 
            -0.245208              0.199207 
            -0.245565             -0.392446 
            -0.222257              1.995111 
            -0.200164              0.341044 
            -0.191548              0.614641 
            -0.204475              0.132050 
            -0.219133              1.091027 
            -0.224574             -0.997741 
            -0.236723              0.456306 
            -0.222758              0.861510 
            -0.232077              4.425752 
            -0.246947             -0.175355 
            -0.224687              2.607436 
            -0.226697              0.862206 
            -0.210562              2.113602 
            -0.214968              2.742744 
            -0.215553             -0.310149 
            -0.230030              0.058980 
            -0.232060              1.881302 
            -0.234394             -0.556039 
            -0.238075              1.677604 
            -0.237948              1.865465 
            -0.223328              0.135654 
            -0.231717              2.784457 
            -0.244972              2.789027 
            -0.247252              1.626806 
            -0.248522              1.855803 
            -0.256125              3.422673 
            -0.248380              1.559711 
            -0.245775              1.334702 
            -0.248148              2.906951 
            -0.260223             -0.308524 
            -0.260720              2.535175 
            -0.257903              1.495956 
            -0.254260              1.949296 
            -0.263988              0.296144 
            -0.257217              0.420267 
            -0.250063              1.884913 
            -0.247660              0.244392 
            -0.237202              2.638485 
            -0.229989              3.373234 
            -0.240545              2.617754 
            -0.239596              0.743741 
            -0.231569             -2.582220 
            -0.234831              1.722552 
            -0.227313              0.789003 
            -0.223214             -0.682265 
            -0.233993              1.982257 
            -0.228187              0.230551 
            -0.232918              2.407501 
            -0.222165              2.974549 
            -0.211261              1.916928 
            -0.210525              1.191167 
            -0.216500              4.462323 
            -0.207907              1.316673 
            -0.228325             -0.995528 
            -0.222178             -2.796216 
            -0.222078             -0.102916 
            -0.209449             -0.145296 
            -0.219063             -0.636917 
            -0.228663              1.906677 
            -0.232244              0.268621 
            -0.232905              0.443229 
            -0.246133             -0.022844 
            -0.252762             -2.276287 
            -0.253084              1.094077 
            -0.264988             -1.020552 
            -0.267816              1.828695 
            -0.259903              0.198337 
            -0.241158             -4.338404 
            -0.243327             -3.054384 
            -0.208161             -4.848700 
            -0.204160              0.015973 
            -0.212847             -3.372392 
            -0.218721             -0.803049 
            -0.223200              0.293295 
            -0.222518              0.054251 
            -0.217303             -0.931264 
            -0.214641             -2.178447 
            -0.217192             -1.362728 
            -0.231222             -3.194520 
            -0.242822              0.657811 
            -0.226378             -0.287468 
            -0.233181              0.376149 
            -0.248761             -3.818281 
            -0.250468              0.465405 
            -0.256117              0.501800 
            -0.253953              0.243465 
            -0.254414             -0.069737 
            -0.256920              2.204725 
            -0.249396              5.569898 
            -0.260676              5.511798 
            -0.248857              0.302827 
            -0.240081             -0.452235 
            -0.247377              3.341054 
            -0.264275              3.637176 
            -0.260339              7.954138 
            -0.259882              5.833606 
            -0.245893              4.938056 
            -0.221882              7.119762 
            -0.222732              7.790384 
            -0.202361              3.516519 
            -0.184228              4.538579 
            -0.191969              5.299647 
            -0.199840              4.989209 
            -0.204119              5.632562 
            -0.216928              4.105496 
            -0.235212              5.281514 
            -0.226494              7.180975 
            -0.228260              7.264263 
            -0.219850              6.251693 
            -0.213829              5.460394 
            -0.209619              4.348974 
            -0.194496              3.895352 
            -0.198055              4.937835 
            -0.209343              6.218834 
            -0.190387              2.064468 
            -0.175602              0.054013 
            -0.174501              2.434483 
            -0.187515              3.287729 
            -0.192495              2.740213 
            -0.191499              2.691666 
            -0.212270              3.370608 
            -0.216858              5.163538 
            -0.216187              0.251280 
            -0.217335              1.931600 
            -0.211149              3.596291 
