   .0000000    
   .1080845E-01
   .1783356E-01
   .2836994E-01
   .1599439E-01
   .1483888E-01
   .1798155E-01
  -.5475950E-02
  -.9552687E-02
  -.6341905E-02
   .1356383E-02
  -.4410083E-03
   .1882883E-02
   .4335738E-02
   .2988201E-01
   .1247525E-01
   .3747875E-01
   .1893238E-02
  -.2991865E-02
   .9722420E-02
   .4028540E-02
  -.1063507E-02
   .1107548E-01
   .1399129E-01
   .6481490E-03
   .3878002E-02
   .4694595E-02
  -.6658892E-02
   .5962066E-02
   .2214013E-02
  -.4334324E-02
   .5346968E-02
   .9601707E-02
   .6319599E-02
   .7390053E-02
   .1470481E-02
   .8144470E-02
   .8452849E-02
   .9549967E-02
   .9503499E-02
   .1065854E-01
   .7343650E-02
   .9364448E-02
   .3270556E-02
   .3547389E-02
   .8550640E-03
   .3869876E-02
   .3997432E-02
   .9427686E-02
   .6359236E-02
   .6696226E-02
  -.4893791E-03
   .1012172E-01
   .9647418E-03
   .3744486E-02
   .4826628E-03
  -.9818598E-03
   .6533704E-02
   .5610882E-02
   .1446745E-02
   .8198431E-02
   .2589322E-02
   .2436338E-02
   .6694198E-02
   .3055252E-03
   .3690992E-03
   .4166318E-02
   .4102161E-02
   .2683180E-03
   .4792391E-02
   .5404913E-02
   .1940954E-02
   .1049631E-01
   .3345396E-02
   .5926778E-02
   .5543428E-02
   .1078464E-01
   .1041600E-01
   .7896049E-02
   .1241402E-01
   .4687121E-02
   .7169138E-03
   .4205614E-02
   .1002398E-01
   .1908055E-01
   .9493619E-02
   .1101916E-01
   .1567233E-01
   .1027769E-01
   .1491529E-01
   .1153958E-01
   .1094696E-01
   .1323268E-01
   .1371375E-01
   .4669192E-02
   .1009165E-01
   .1208882E-01
   .1761554E-01
   .1278229E-01
   .1093824E-01
   .1018396E-01
   .4658308E-02
   .9878447E-02
   .1105026E-01
   .1430711E-01
   .2219905E-01
   .1807314E-01
   .2130138E-01
   .1446993E-01
   .1988749E-01
   .3132101E-01
   .2603596E-01
   .2649675E-01
   .1344340E-01
   .2425598E-01
   .1607429E-01
   .1155843E-01
   .1275604E-01
   .1520316E-01
   .1712945E-01
   .1498182E-01
   .2008630E-01
   .1209714E-01
   .1599367E-01
   .1504296E-01
   .2573737E-01
   .1711982E-01
   .2017050E-01
   .2284967E-01
   .2361601E-01
   .1867152E-01
   .1568358E-01
   .1960383E-01
   .2328460E-01
   .2401392E-01
   .2568069E-01
   .2688206E-01
   .1738133E-01
   .2304931E-01
   .1702986E-01
   .1423392E-01
   .1157404E-01
   .1450037E-01
   .8420221E-02
   .7017550E-02
   .8518644E-02
   .8768595E-02
   .1173626E-01
   .9721214E-02
   .6539231E-02
   .7639342E-02
   .6379099E-02
   .6807348E-02
   .7777565E-02
   .8028288E-02
   .5572081E-02
   .1694582E-02
   .1018883E-01
   .1367330E-01
   .7297124E-02
   .5622345E-02
   .7291136E-02
   .8379167E-02
   .6231812E-02
   .1399488E-02
   .1489680E-01
   .1269600E-01
   .1032594E-01
