   .1737097E-02
   .1683028E-02
   .1739173E-02
   .1866460E-02
   .1911566E-02
   .1920025E-02
   .1895418E-02
   .1878789E-02
   .1772469E-02
   .1691096E-02
   .1676793E-02
   .1722724E-02
   .1822724E-02
   .1988186E-02
   .2124499E-02
   .2092733E-02
   .2018295E-02
   .1951072E-02
   .1929356E-02
   .1913187E-02
   .1935853E-02
   .1951305E-02
   .1837812E-02
   .1947911E-02
   .2005212E-02
   .2005525E-02
   .1997393E-02
   .1981334E-02
   .1950375E-02
   .1979164E-02
   .2036086E-02
   .2060008E-02
   .2138727E-02
   .2218496E-02
   .2256022E-02
   .2264353E-02
   .2216624E-02
   .2220464E-02
   .2212156E-02
   .2178029E-02
   .2167018E-02
   .2135743E-02
   .2151548E-02
   .2109588E-02
   .1996709E-02
   .1928972E-02
   .1938578E-02
   .2043168E-02
   .2154046E-02
   .2219057E-02
   .2231921E-02
   .2198106E-02
   .2244925E-02
   .2171114E-02
   .2107980E-02
   .2100585E-02
   .2076034E-02
   .2085370E-02
   .2128560E-02
   .2189787E-02
   .2225691E-02
   .2290115E-02
   .2295461E-02
   .2256999E-02
   .2260769E-02
   .2359072E-02
   .2407278E-02
   .2462077E-02
   .2488117E-02
   .2482227E-02
   .2490794E-02
   .2505407E-02
   .2621330E-02
   .2694644E-02
   .2718056E-02
   .2771895E-02
   .2832689E-02
   .2792709E-02
   .2769943E-02
   .2652837E-02
   .2573547E-02
   .2652729E-02
   .2671211E-02
   .2746309E-02
   .2808017E-02
   .2777265E-02
   .2788658E-02
   .2857465E-02
   .2887410E-02
   .2881652E-02
   .2899811E-02
   .2799330E-02
   .2751754E-02
   .2681511E-02
   .2724508E-02
   .2735419E-02
   .2760482E-02
   .2844937E-02
   .2883302E-02
   .2911564E-02
   .3017370E-02
   .3037730E-02
   .3054192E-02
   .3202149E-02
   .3300121E-02
   .3285858E-02
   .3263530E-02
   .3224131E-02
   .3126454E-02
   .3065177E-02
   .2968146E-02
   .2780771E-02
   .2581794E-02
   .2543422E-02
   .2590198E-02
   .2628675E-02
   .2710301E-02
   .2734095E-02
   .2741386E-02
   .2864103E-02
   .2962434E-02
   .3108054E-02
   .3149978E-02
   .3156606E-02
   .3185999E-02
   .3364797E-02
   .3390750E-02
   .3401953E-02
   .3409334E-02
   .3388927E-02
   .3419498E-02
   .3375394E-02
   .3313698E-02
   .2968062E-02
   .2957576E-02
   .3071247E-02
   .3100798E-02
   .3117100E-02
   .3080757E-02
   .2967419E-02
   .2846697E-02
   .2749680E-02
   .2655319E-02
   .2705061E-02
   .2705398E-02
   .2852424E-02
   .3014056E-02
   .3145464E-02
   .3254806E-02
   .3378844E-02
   .3416285E-02
   .3466335E-02
   .3484632E-02
   .3543765E-02
   .3486847E-02
   .3578840E-02
   .3516746E-02
   .3485457E-02
   .3453965E-02
   .3457111E-02
   .3387887E-02
   .3464151E-02
   .3578376E-02
   .3584296E-02
   .3603357E-02
   .3686222E-02
   .3714557E-02
   .3713294E-02
