   .8671651E-02
   .8683677E-02
   .8679208E-02
   .8802933E-02
   .8814823E-02
   .8840276E-02
   .8825267E-02
   .8802171E-02
   .8638372E-02
   .8467998E-02
   .8479042E-02
   .8378048E-02
   .8806174E-02
   .9137278E-02
   .9460482E-02
   .9656863E-02
   .9558484E-02
   .9588862E-02
   .9582690E-02
   .9443737E-02
   .9460886E-02
   .9316551E-02
   .9317212E-02
   .9540883E-02
   .9557335E-02
   .9585176E-02
   .9499750E-02
   .9330873E-02
   .9356982E-02
   .9449328E-02
   .9641902E-02
   .9871675E-02
   .1012367E-01
   .1029273E-01
   .1039554E-01
   .1052493E-01
   .1046040E-01
   .1044972E-01
   .1045149E-01
   .1052669E-01
   .1050749E-01
   .1044934E-01
   .1049002E-01
   .1024315E-01
   .9887286E-02
   .9878272E-02
   .1012681E-01
   .1034272E-01
   .1052266E-01
   .1075396E-01
   .1066545E-01
   .1076709E-01
   .1093673E-01
   .1080174E-01
   .1074516E-01
   .1055809E-01
   .1058397E-01
   .1070248E-01
   .1083691E-01
   .1103535E-01
   .1115693E-01
   .1126279E-01
   .1130699E-01
   .1121478E-01
   .1134002E-01
   .1150559E-01
   .1164428E-01
   .1169426E-01
   .1195961E-01
   .1201823E-01
   .1214453E-01
   .1215270E-01
   .1245728E-01
   .1255178E-01
   .1268531E-01
   .1291035E-01
   .1314864E-01
   .1307904E-01
   .1307301E-01
   .1304260E-01
   .1296150E-01
   .1298648E-01
   .1312635E-01
   .1313425E-01
   .1323410E-01
   .1341104E-01
   .1349187E-01
   .1342565E-01
   .1366013E-01
   .1360838E-01
   .1369144E-01
   .1359146E-01
   .1346086E-01
   .1343902E-01
   .1356216E-01
   .1333137E-01
   .1374487E-01
   .1369117E-01
   .1368537E-01
   .1360380E-01
   .1377012E-01
   .1405828E-01
   .1422614E-01
   .1449712E-01
   .1480841E-01
   .1480647E-01
   .1479878E-01
   .1483276E-01
   .1462950E-01
   .1452453E-01
   .1426398E-01
   .1403807E-01
   .1358797E-01
   .1370200E-01
   .1388732E-01
   .1403364E-01
   .1432855E-01
   .1435801E-01
   .1436944E-01
   .1448779E-01
   .1466525E-01
   .1484504E-01
   .1509694E-01
   .1498998E-01
   .1509681E-01
   .1556784E-01
   .1559856E-01
   .1576762E-01
   .1572458E-01
   .1563905E-01
   .1571492E-01
   .1559486E-01
   .1568460E-01
   .1512344E-01
   .1509720E-01
   .1530170E-01
   .1556484E-01
   .1544890E-01
   .1545894E-01
   .1510670E-01
   .1478626E-01
   .1482502E-01
   .1456049E-01
   .1444240E-01
   .1462436E-01
   .1498873E-01
   .1520671E-01
   .1556385E-01
   .1593079E-01
   .1599883E-01
   .1605988E-01
   .1604450E-01
   .1617825E-01
   .1619870E-01
   .1617592E-01
   .1626070E-01
   .1655773E-01
   .1637527E-01
   .1633749E-01
   .1632175E-01
   .1650427E-01
   .1671427E-01
   .1684224E-01
   .1706247E-01
   .1728405E-01
   .1736218E-01
   .1750646E-01
   .1748039E-01
