  -6.355540    
  -6.387161    
  -6.354346    
  -6.283712    
  -6.259832    
  -6.255417    
  -6.268316    
  -6.277128    
  -6.335382    
  -6.382379    
  -6.390872    
  -6.363849    
  -6.307423    
  -6.220532    
  -6.154219    
  -6.169284    
  -6.205502    
  -6.239376    
  -6.250569    
  -6.258985    
  -6.247207    
  -6.239257    
  -6.299180    
  -6.240998    
  -6.212005    
  -6.211849    
  -6.215913    
  -6.223985    
  -6.239733    
  -6.225081    
  -6.196726    
  -6.185046    
  -6.147544    
  -6.110926    
  -6.094152    
  -6.090466    
  -6.111770    
  -6.110039    
  -6.113788    
  -6.129335    
  -6.134403    
  -6.148941    
  -6.141568    
  -6.161263    
  -6.216255    
  -6.250768    
  -6.245801    
  -6.193254    
  -6.140407    
  -6.110673    
  -6.104892    
  -6.120159    
  -6.099083    
  -6.132515    
  -6.162025    
  -6.165540    
  -6.177296    
  -6.172809    
  -6.152310    
  -6.123951    
  -6.107688    
  -6.079153    
  -6.076822    
  -6.093719    
  -6.092050    
  -6.049487    
  -6.029259    
  -6.006750    
  -5.996229    
  -5.998599    
  -5.995154    
  -5.989304    
  -5.944073    
  -5.916489    
  -5.907838    
  -5.888224    
  -5.866529    
  -5.880743    
  -5.888928    
  -5.932125    
  -5.962470    
  -5.932166    
  -5.925223    
  -5.897498    
  -5.875277    
  -5.886289    
  -5.882195    
  -5.857820    
  -5.847395    
  -5.849391    
  -5.843110    
  -5.878375    
  -5.895517    
  -5.921375    
  -5.905467    
  -5.901471    
  -5.892350    
  -5.862214    
  -5.848819    
  -5.839065    
  -5.803370    
  -5.796645    
  -5.791240    
  -5.743933    
  -5.713796    
  -5.718127    
  -5.724946    
  -5.737092    
  -5.767856    
  -5.787650    
  -5.819818    
  -5.885027    
  -5.959271    
  -5.974245    
  -5.956021    
  -5.941276    
  -5.910695    
  -5.901955    
  -5.899292    
  -5.855500    
  -5.821744    
  -5.773759    
  -5.760360    
  -5.758258    
  -5.748989    
  -5.694388    
  -5.686704    
  -5.683406    
  -5.681238    
  -5.687242    
  -5.678261    
  -5.691243    
  -5.709691    
  -5.819846    
  -5.823385    
  -5.785671    
  -5.776096    
  -5.770852    
  -5.782580    
  -5.820063    
  -5.861596    
  -5.896271    
  -5.931191    
  -5.912631    
  -5.912506    
  -5.859586    
  -5.804469    
  -5.761794    
  -5.727623    
  -5.690222    
  -5.679202    
  -5.664657    
  -5.659393    
  -5.642566    
  -5.658757    
  -5.632717    
  -5.650219    
  -5.659156    
  -5.668233    
  -5.667322    
  -5.687549    
  -5.665288    
  -5.632846    
  -5.631193    
  -5.625889    
  -5.603153    
  -5.595496    
  -5.595836    
