            -1.607844              0.000950
            -1.640851             -0.009858
            -1.607521             -0.015992
            -1.551042             -0.026103
            -1.528511             -0.013519
            -1.526980             -0.012339
            -1.538180             -0.015357
            -1.544371              0.008326
            -1.583841              0.012478
            -1.610918              0.009267
            -1.620714              0.001252
            -1.581709              0.003133
            -1.575121              0.000875
            -1.525139             -0.001452
            -1.493587             -0.026832
            -1.529198             -0.009134
            -1.555176             -0.034062
            -1.592223              0.001832
            -1.602772              0.007000
            -1.596582             -0.005697
            -1.586618             -0.000112
            -1.563294              0.005180
            -1.623288             -0.006617
            -1.588829             -0.009258
            -1.561559              0.004302
            -1.564311              0.001505
            -1.559423              0.000197
            -1.549558              0.010342
            -1.568100             -0.003312
            -1.563269             -0.000247
            -1.555089              0.006543
            -1.566960             -0.002805
            -1.554665             -0.006535
            -1.534608             -0.002611
            -1.527774             -0.002748
            -1.536458              0.004380
            -1.551612             -0.002328
            -1.548859             -0.002036
            -1.552777             -0.003092
            -1.575494             -0.001920
            -1.578736             -0.002909
            -1.587725              0.000498
            -1.584237             -0.000981
            -1.580117              0.004988
            -1.599749              0.000853
            -1.633350              0.001537
            -1.653232              0.000330
            -1.621781              0.002728
            -1.586183             -0.002494
            -1.578192              0.001141
            -1.564146              0.002154
            -1.588898              0.011064
            -1.583454             -0.000438
            -1.604467              0.006519
            -1.628725              0.002156
            -1.614677              0.005284
            -1.628881              0.006857
            -1.635530             -0.000775
            -1.627513              0.000147
            -1.617300              0.004703
            -1.611994             -0.001390
            -1.592902              0.004194
            -1.594488              0.004664
            -1.603196              0.000339
            -1.612633              0.006961
            -1.584565              0.006973
            -1.576319              0.004067
            -1.558093              0.004640
            -1.570009              0.008557
            -1.577268              0.003899
            -1.584277              0.003337
            -1.579100              0.007267
            -1.558623             -0.000771
            -1.538597              0.006338
            -1.540528              0.003740
            -1.538498              0.004873
            -1.535092              0.000740
            -1.543999              0.001051
            -1.551723              0.004712
            -1.592591              0.000611
            -1.616698              0.006596
            -1.588320              0.008433
            -1.592089              0.006544
            -1.564966              0.001859
            -1.550318             -0.006456
            -1.574612              0.004306
            -1.576527              0.001973
            -1.547232             -0.001706
            -1.554121              0.004956
            -1.552322              0.000576
            -1.552126              0.006019
            -1.580062              0.007436
            -1.587548              0.004792
            -1.611782              0.002978
            -1.604995              0.011156
            -1.583836              0.003292
            -1.605261             -0.002489
            -1.571210             -0.006991
            -1.557391             -0.000257
            -1.541659             -0.000363
            -1.518115             -0.001592
            -1.532101              0.004767
            -1.538566              0.000672
            -1.510128              0.001108
            -1.501236             -0.000057
            -1.505436             -0.005691
            -1.511736              0.002735
            -1.526175             -0.002551
            -1.543141              0.004572
            -1.555734              0.000496
            -1.569800             -0.010846
            -1.619045             -0.007636
            -1.660701             -0.012122
            -1.684031              0.000040
            -1.679242             -0.008431
            -1.674978             -0.002008
            -1.665194              0.000733
            -1.658508              0.000136
            -1.656640             -0.002328
            -1.621051             -0.005446
            -1.599470             -0.003407
            -1.563669             -0.007986
            -1.567097              0.001645
            -1.557885             -0.000719
            -1.555717              0.000940
            -1.531840             -0.009546
            -1.526127              0.001164
            -1.533609              0.001254
            -1.528708              0.000609
            -1.529258             -0.000174
            -1.525116              0.005512
            -1.530429              0.013925
            -1.554615              0.013780
            -1.628336              0.000757
            -1.630139             -0.001131
            -1.605880              0.008353
            -1.613355              0.009093
            -1.600635              0.019885
            -1.613013              0.014584
            -1.627446              0.012345
            -1.647539              0.017799
            -1.684832              0.019476
            -1.701747              0.008791
            -1.675044              0.011346
            -1.687440              0.013249
            -1.659129              0.012473
            -1.618450              0.014081
            -1.598989              0.010264
            -1.588121              0.013204
            -1.554983              0.017952
            -1.547771              0.018161
            -1.532268              0.015629
            -1.535305              0.013651
            -1.519742              0.010872
            -1.534526              0.009738
            -1.513713              0.012345
            -1.549317              0.015547
            -1.547173              0.005161
            -1.553940              0.000135
            -1.552065              0.006086
            -1.583413              0.008219
            -1.573796              0.006851
            -1.548981              0.006729
            -1.560319              0.008427
            -1.567918              0.012909
            -1.549692              0.000628
            -1.550311              0.004829
            -1.549160              0.008991
