  -4.771040    
  -4.771593    
  -4.782846    
  -4.805376    
  -4.821645    
  -4.844289    
  -4.863931    
  -4.862341    
  -4.857561    
  -4.851179    
  -4.856900    
  -4.859339    
  -4.856487    
  -4.850630    
  -4.875178    
  -4.879205    
  -4.905864    
  -4.897994    
  -4.881677    
  -4.875895    
  -4.866960    
  -4.857038    
  -4.859375    
  -4.864195    
  -4.866256    
  -4.862901    
  -4.863759    
  -4.854108    
  -4.855665    
  -4.851711    
  -4.836094    
  -4.834181    
  -4.835903    
  -4.839346    
  -4.845030    
  -4.845457    
  -4.853237    
  -4.859781    
  -4.868161    
  -4.874129    
  -4.878747    
  -4.881828    
  -4.887855    
  -4.892051    
  -4.888921    
  -4.868087    
  -4.857370    
  -4.853472    
  -4.849893    
  -4.845120    
  -4.842125    
  -4.840989    
  -4.852754    
  -4.848643    
  -4.837914    
  -4.827227    
  -4.812884    
  -4.804368    
  -4.796425    
  -4.781808    
  -4.771008    
  -4.756731    
  -4.748122    
  -4.740509    
  -4.723732    
  -4.707002    
  -4.695176    
  -4.683879    
  -4.672042    
  -4.664034    
  -4.651572    
  -4.637004    
  -4.632134    
  -4.623247    
  -4.613479    
  -4.599895    
  -4.594684    
  -4.596202    
  -4.600940    
  -4.606032    
  -4.598321    
  -4.579027    
  -4.560899    
  -4.554985    
  -4.561156    
  -4.557329    
  -4.552710    
  -4.550954    
  -4.549010    
  -4.558709    
  -4.567791    
  -4.573463    
  -4.586951    
  -4.598733    
  -4.588649    
  -4.577938    
  -4.563938    
  -4.548037    
  -4.537883    
  -4.527234    
  -4.519093    
  -4.503239    
  -4.485797    
  -4.469201    
  -4.464323    
  -4.474969    
  -4.483182    
  -4.495953    
  -4.496764    
  -4.509187    
  -4.534648    
  -4.550953    
  -4.564147    
  -4.546356    
  -4.540511    
  -4.537086    
  -4.522388    
  -4.509048    
  -4.502004    
  -4.487125    
  -4.473308    
  -4.471069    
  -4.464096    
  -4.462469    
  -4.463456    
  -4.476004    
  -4.478012    
  -4.481591    
  -4.492658    
  -4.499210    
  -4.495823    
  -4.501965    
  -4.509682    
  -4.527391    
  -4.518836    
  -4.524663    
  -4.539176    
  -4.536000    
  -4.538983    
  -4.533971    
  -4.529243    
  -4.527073    
  -4.520409    
  -4.507854    
  -4.467871    
  -4.452822    
  -4.445707    
  -4.440351    
  -4.435816    
  -4.427245    
  -4.421923    
  -4.409834    
  -4.389066    
  -4.383312    
  -4.370697    
  -4.363335    
  -4.354581    
  -4.342117    
  -4.332018    
  -4.319938    
  -4.313070    
  -4.316588    
  -4.320603    
  -4.319597    
  -4.306949    
  -4.305020    
  -4.311099    
  -4.316183    
