            -4.771040             -4.747696              0.380000
            -4.771593             -4.746310              0.380000
            -4.782846             -4.746825              0.736667
            -4.805376             -4.732670              0.906667
            -4.821645             -4.731321              0.990000
            -4.844289             -4.728437              1.000000
            -4.863931             -4.730136              1.050000
            -4.862341             -4.732757              1.140000
            -4.857561             -4.751541              1.170000
            -4.851179             -4.771461              1.170000
            -4.856900             -4.770158              1.043333
            -4.859339             -4.782140              1.076667
            -4.856487             -4.732302              1.103333
            -4.850630             -4.695393              1.153333
            -4.875178             -4.660632              1.220000
            -4.879205             -4.640086              1.336667
            -4.905864             -4.650326              1.366667
            -4.897994             -4.647153              1.490000
            -4.881677             -4.647797              1.603333
            -4.875895             -4.662403              1.610000
            -4.866960             -4.660589              1.566667
            -4.857038             -4.675963              1.646667
            -4.859375             -4.675892              1.783333
            -4.864195             -4.652169              1.893333
            -4.866256             -4.650446              1.980000
            -4.862901             -4.647538              2.153333
            -4.863759             -4.656490              1.956667
            -4.854108             -4.674427              1.473333
            -4.855665             -4.671633              1.060000
            -4.851711             -4.661812              0.786667
            -4.836094             -4.641637              0.883333
            -4.834181             -4.618086              1.016667
            -4.835903             -4.592879              1.226667
            -4.839346             -4.576318              1.483333
            -4.845030             -4.566378              1.856667
            -4.845457             -4.554008              2.340000
            -4.853237             -4.560158              2.326667
            -4.859781             -4.561180              2.566667
            -4.868161             -4.561011              2.583333
            -4.874129             -4.553841              3.033333
            -4.878747             -4.555667              3.100000
            -4.881828             -4.561216              3.136667
            -4.887855             -4.557331              3.353333
            -4.892051             -4.581146              3.303333
            -4.888921             -4.616506              1.760000
            -4.868087             -4.617418              0.956667
            -4.857370             -4.592569              1.680000
            -4.853472             -4.571473              2.690000
            -4.849893             -4.554224              2.773333
            -4.845120             -4.532481              3.000000
            -4.842125             -4.540746              3.540000
            -4.840989             -4.531261              4.230000
            -4.852754             -4.515629              3.873333
            -4.848643             -4.528048              2.993333
            -4.837914             -4.533300              2.360000
            -4.827227             -4.550863              2.306667
            -4.812884             -4.548415              2.350000
            -4.804368             -4.537279              2.303333
            -4.796425             -4.524797              2.303333
            -4.781808             -4.506651              2.460000
            -4.771008             -4.495694              2.723333
            -4.756731             -4.486251              2.713333
            -4.748122             -4.482334              2.840000
            -4.740509             -4.490523              2.813333
            -4.723732             -4.479417              2.906667
            -4.707002             -4.464922              2.936667
            -4.695176             -4.452940              3.293333
            -4.683879             -4.448657              3.496667
            -4.672042             -4.426220              3.530000
            -4.664034             -4.421331              3.476667
            -4.651572             -4.410877              3.496667
            -4.637004             -4.410204              3.683333
            -4.632134             -4.385450              3.890000
            -4.623247             -4.377892              3.873333
            -4.613479             -4.367310              3.866667
            -4.599895             -4.349726              4.166667
            -4.594684             -4.331437              4.610000
            -4.596202             -4.336744              4.586667
            -4.600940             -4.337205              5.043333
            -4.606032             -4.339534              5.210000
            -4.598321             -4.345772              4.513333
            -4.579027             -4.343846              3.660000
            -4.560899             -4.333134              4.300000
            -4.554985             -4.332532              4.753333
            -4.561156             -4.324959              5.050000
            -4.557329             -4.311677              5.520000
            -4.552710             -4.305668              5.196667
            -4.550954             -4.310588              5.586667
            -4.549010             -4.293274              6.093333
            -4.558709             -4.297069              6.196667
            -4.567791             -4.290984              7.023333
            -4.573463             -4.298313              7.353333
            -4.586951             -4.307969              7.210000
            -4.598733             -4.309593              6.676667
            -4.588649             -4.300472              6.330000
            -4.577938             -4.317635              5.353333
            -4.563938             -4.287089              3.840000
            -4.548037             -4.291004              4.250000
            -4.537883             -4.291428              5.010000
            -4.527234             -4.297406              4.230000
            -4.519093             -4.285255              3.436667
            -4.503239             -4.264544              3.770000
            -4.485797             -4.252674              4.220000
            -4.469201             -4.233805              4.863333
            -4.464323             -4.212560              5.700000
            -4.474969             -4.212691              6.603333
            -4.483182             -4.213210              8.323333
            -4.495953             -4.210917              7.500000
            -4.496764             -4.224715              7.616667
            -4.509187             -4.231916              8.153333
            -4.534648             -4.250018              8.190000
            -4.550953             -4.265982              7.360000
            -4.564147             -4.298570              5.750000
            -4.546356             -4.290214              5.393333
            -4.540511             -4.276779              6.330000
            -4.537086             -4.266298              5.626667
            -4.522388             -4.245501              4.916667
            -4.509048             -4.243447              5.156667
            -4.502004             -4.242652              5.150000
            -4.487125             -4.234449              4.673333
            -4.473308             -4.222274              4.630000
            -4.471069             -4.210090              4.840000
            -4.464096             -4.193263              5.496667
            -4.462469             -4.200373              6.110000
            -4.463456             -4.193272              6.393333
            -4.476004             -4.162548              6.476667
            -4.478012             -4.160577              7.313333
            -4.481591             -4.149797              8.570000
            -4.492658             -4.152530              9.383333
            -4.499210             -4.157984              9.376667
            -4.495823             -4.153145              9.673333
            -4.501965             -4.160814             11.843330
            -4.509682             -4.155076             13.353330
            -4.527391             -4.191510              9.616667
            -4.518836             -4.193246              9.153333
            -4.524663             -4.179791             13.613330
            -4.539176             -4.162741             14.390000
            -4.536000             -4.170217             14.906670
            -4.538983             -4.169567             15.053330
            -4.533971             -4.192617             11.750000
            -4.529243             -4.214057             12.813330
            -4.527073             -4.211439             12.420000
            -4.520409             -4.229444              9.316667
            -4.507854             -4.237587              7.906667
            -4.467871             -4.225066              8.106667
            -4.452822             -4.200457              8.396667
            -4.445707             -4.186019              9.140000
            -4.440351             -4.162805              8.800000
            -4.435816             -4.139502              9.170000
            -4.427245             -4.135239              9.796667
            -4.421923             -4.131431             10.320000
            -4.409834             -4.132389              8.803333
            -4.389066             -4.124088              8.183333
            -4.383312             -4.122824              7.460000
            -4.370697             -4.124231              7.106667
            -4.363335             -4.119004              7.166667
            -4.354581             -4.100902              6.896667
            -4.342117             -4.111983              6.140000
            -4.332018             -4.114293              5.523333
            -4.319938             -4.115257              5.353333
            -4.313070             -4.104136              5.536667
            -4.316588             -4.091492              5.656667
            -4.320603             -4.083865              6.043333
            -4.319597             -4.070874              5.863333
            -4.306949             -4.057971              5.723333
            -4.305020             -4.053461              6.210000
            -4.311099             -4.045185              7.010000
            -4.316183             -4.046676              7.726667
