   .3800000    
   .3800000    
   .7366667    
   .9066667    
   .9900000    
   1.000000    
   1.050000    
   1.140000    
   1.170000    
   1.170000    
   1.043333    
   1.076667    
   1.103333    
   1.153333    
   1.220000    
   1.336667    
   1.366667    
   1.490000    
   1.603333    
   1.610000    
   1.566667    
   1.646667    
   1.783333    
   1.893333    
   1.980000    
   2.153333    
   1.956667    
   1.473333    
   1.060000    
   .7866667    
   .8833333    
   1.016667    
   1.226667    
   1.483333    
   1.856667    
   2.340000    
   2.326667    
   2.566667    
   2.583333    
   3.033333    
   3.100000    
   3.136667    
   3.353333    
   3.303333    
   1.760000    
   .9566667    
   1.680000    
   2.690000    
   2.773333    
   3.000000    
   3.540000    
   4.230000    
   3.873333    
   2.993333    
   2.360000    
   2.306667    
   2.350000    
   2.303333    
   2.303333    
   2.460000    
   2.723333    
   2.713333    
   2.840000    
   2.813333    
   2.906667    
   2.936667    
   3.293333    
   3.496667    
   3.530000    
   3.476667    
   3.496667    
   3.683333    
   3.890000    
   3.873333    
   3.866667    
   4.166667    
   4.610000    
   4.586667    
   5.043333    
   5.210000    
   4.513333    
   3.660000    
   4.300000    
   4.753333    
   5.050000    
   5.520000    
   5.196667    
   5.586667    
   6.093333    
   6.196667    
   7.023333    
   7.353333    
   7.210000    
   6.676667    
   6.330000    
   5.353333    
   3.840000    
   4.250000    
   5.010000    
   4.230000    
   3.436667    
   3.770000    
   4.220000    
   4.863333    
   5.700000    
   6.603333    
   8.323333    
   7.500000    
   7.616667    
   8.153333    
   8.190000    
   7.360000    
   5.750000    
   5.393333    
   6.330000    
   5.626667    
   4.916667    
   5.156667    
   5.150000    
   4.673333    
   4.630000    
   4.840000    
   5.496667    
   6.110000    
   6.393333    
   6.476667    
   7.313333    
   8.570000    
   9.383333    
   9.376667    
   9.673333    
   11.84333    
   13.35333    
   9.616667    
   9.153333    
   13.61333    
   14.39000    
   14.90667    
   15.05333    
   11.75000    
   12.81333    
   12.42000    
   9.316667    
   7.906667    
   8.106667    
   8.396667    
   9.140000    
   8.800000    
   9.170000    
   9.796667    
   10.32000    
   8.803333    
   8.183333    
   7.460000    
   7.106667    
   7.166667    
   6.896667    
   6.140000    
   5.523333    
   5.353333    
   5.536667    
   5.656667    
   6.043333    
   5.863333    
   5.723333    
   6.210000    
   7.010000    
   7.726667    
