  -4.747696    
  -4.746310    
  -4.746825    
  -4.732670    
  -4.731321    
  -4.728437    
  -4.730136    
  -4.732757    
  -4.751541    
  -4.771461    
  -4.770158    
  -4.782140    
  -4.732302    
  -4.695393    
  -4.660632    
  -4.640086    
  -4.650326    
  -4.647153    
  -4.647797    
  -4.662403    
  -4.660589    
  -4.675963    
  -4.675892    
  -4.652169    
  -4.650446    
  -4.647538    
  -4.656490    
  -4.674427    
  -4.671633    
  -4.661812    
  -4.641637    
  -4.618086    
  -4.592879    
  -4.576318    
  -4.566378    
  -4.554008    
  -4.560158    
  -4.561180    
  -4.561011    
  -4.553841    
  -4.555667    
  -4.561216    
  -4.557331    
  -4.581146    
  -4.616506    
  -4.617418    
  -4.592569    
  -4.571473    
  -4.554224    
  -4.532481    
  -4.540746    
  -4.531261    
  -4.515629    
  -4.528048    
  -4.533300    
  -4.550863    
  -4.548415    
  -4.537279    
  -4.524797    
  -4.506651    
  -4.495694    
  -4.486251    
  -4.482334    
  -4.490523    
  -4.479417    
  -4.464922    
  -4.452940    
  -4.448657    
  -4.426220    
  -4.421331    
  -4.410877    
  -4.410204    
  -4.385450    
  -4.377892    
  -4.367310    
  -4.349726    
  -4.331437    
  -4.336744    
  -4.337205    
  -4.339534    
  -4.345772    
  -4.343846    
  -4.333134    
  -4.332532    
  -4.324959    
  -4.311677    
  -4.305668    
  -4.310588    
  -4.293274    
  -4.297069    
  -4.290984    
  -4.298313    
  -4.307969    
  -4.309593    
  -4.300472    
  -4.317635    
  -4.287089    
  -4.291004    
  -4.291428    
  -4.297406    
  -4.285255    
  -4.264544    
  -4.252674    
  -4.233805    
  -4.212560    
  -4.212691    
  -4.213210    
  -4.210917    
  -4.224715    
  -4.231916    
  -4.250018    
  -4.265982    
  -4.298570    
  -4.290214    
  -4.276779    
  -4.266298    
  -4.245501    
  -4.243447    
  -4.242652    
  -4.234449    
  -4.222274    
  -4.210090    
  -4.193263    
  -4.200373    
  -4.193272    
  -4.162548    
  -4.160577    
  -4.149797    
  -4.152530    
  -4.157984    
  -4.153145    
  -4.160814    
  -4.155076    
  -4.191510    
  -4.193246    
  -4.179791    
  -4.162741    
  -4.170217    
  -4.169567    
  -4.192617    
  -4.214057    
  -4.211439    
  -4.229444    
  -4.237587    
  -4.225066    
  -4.200457    
  -4.186019    
  -4.162805    
  -4.139502    
  -4.135239    
  -4.131431    
  -4.132389    
  -4.124088    
  -4.122824    
  -4.124231    
  -4.119004    
  -4.100902    
  -4.111983    
  -4.114293    
  -4.115257    
  -4.104136    
  -4.091492    
  -4.083865    
  -4.070874    
  -4.057971    
  -4.053461    
  -4.045185    
  -4.046676    
